AssetId,Phase,window_start_utc,DateKeyUtc,TimeKeyUtc,WindowStartLocal,HourLocal,DateLocal,Energy_kWh_15m,Demand_kW,AvgPower_kW_15m,Minutes,SecondsObserved,DataCoveragePct,IsReliableWindow,SecondsReliable,ReliableCoveragePct
u_e,L1,2025-04-10 00:00:00,20250410,0,2025-04-10 01:00:00,1,2025-04-10,0.087684997222222,0.350739988888889,0.350739988888889,15.000000000000000,900.000000000000000,100.000000000000000,1,900.000000000000000,100.000000000000000
u_e,L2,2025-04-10 00:00:00,20250410,0,2025-04-10 01:00:00,1,2025-04-10,0.160001297222222,0.640005188888889,0.640005188888889,15.000000000000000,900.000000000000000,100.000000000000000,1,900.000000000000000,100.000000000000000
u_e,L3,2025-04-10 00:00:00,20250410,0,2025-04-10 01:00:00,1,2025-04-10,0.258255330555555,1.033021322222222,1.033021322222223,15.000000000000000,900.000000000000000,100.000000000000000,1,900.000000000000000,100.000000000000000
u_e,ALL,2025-04-10 00:00:00,20250410,0,2025-04-10 01:00:00,1,2025-04-10,0.505941625000000,2.023766500000000,0.674588833333334,15.000000000000000,900.000000000000000,100.000000000000000,1,900.000000000000000,100.000000000000000
u_e,L1,2025-04-10 00:15:00,20250410,1500,2025-04-10 01:15:00,1,2025-04-10,0.087685250000000,0.350741000000000,0.350741000000000,15.000000000000000,900.000000000000000,100.000000000000000,1,900.000000000000000,100.000000000000000
u_e,L2,2025-04-10 00:15:00,20250410,1500,2025-04-10 01:15:00,1,2025-04-10,0.159951433333333,0.639805733333333,0.639805733333333,15.000000000000000,900.000000000000000,100.000000000000000,1,900.000000000000000,100.000000000000000
u_e,L3,2025-04-10 00:15:00,20250410,1500,2025-04-10 01:15:00,1,2025-04-10,0.258272786111111,1.033091144444444,1.033091144444445,15.000000000000000,900.000000000000000,100.000000000000000,1,900.000000000000000,100.000000000000000
u_e,ALL,2025-04-10 00:15:00,20250410,1500,2025-04-10 01:15:00,1,2025-04-10,0.505909469444444,2.023637877777777,0.674545959259259,15.000000000000000,900.000000000000000,100.000000000000000,1,900.000000000000000,100.000000000000000
u_e,L1,2025-04-10 00:30:00,20250410,3000,2025-04-10 01:30:00,1,2025-04-10,0.087708061111111,0.350832244444445,0.350832244444444,15.000000000000000,900.000000000000000,100.000000000000000,1,900.000000000000000,100.000000000000000
u_e,L2,2025-04-10 00:30:00,20250410,3000,2025-04-10 01:30:00,1,2025-04-10,0.159869775000000,0.639479100000000,0.639479100000000,15.000000000000000,900.000000000000000,100.000000000000000,1,900.000000000000000,100.000000000000000
u_e,L3,2025-04-10 00:30:00,20250410,3000,2025-04-10 01:30:00,1,2025-04-10,0.258272744444444,1.033090977777777,1.033090977777778,15.000000000000000,900.000000000000000,100.000000000000000,1,900.000000000000000,100.000000000000000
u_e,ALL,2025-04-10 00:30:00,20250410,3000,2025-04-10 01:30:00,1,2025-04-10,0.505850580555556,2.023402322222222,0.674467440740741,15.000000000000000,900.000000000000000,100.000000000000000,1,900.000000000000000,100.000000000000000
u_e,L1,2025-04-10 00:45:00,20250410,4500,2025-04-10 01:45:00,1,2025-04-10,0.087720027777778,0.350880111111111,0.350880111111111,15.000000000000000,900.000000000000000,100.000000000000000,1,900.000000000000000,100.000000000000000
u_e,L2,2025-04-10 00:45:00,20250410,4500,2025-04-10 01:45:00,1,2025-04-10,0.159911811111111,0.639647244444445,0.639647244444444,15.000000000000000,900.000000000000000,100.000000000000000,1,900.000000000000000,100.000000000000000
u_e,L3,2025-04-10 00:45:00,20250410,4500,2025-04-10 01:45:00,1,2025-04-10,0.258217625000000,1.032870500000000,1.032870500000001,15.000000000000000,900.000000000000000,100.000000000000000,1,900.000000000000000,100.000000000000000
u_e,ALL,2025-04-10 00:45:00,20250410,4500,2025-04-10 01:45:00,1,2025-04-10,0.505849463888889,2.023397855555556,0.674465951851852,15.000000000000000,900.000000000000000,100.000000000000000,1,900.000000000000000,100.000000000000000
u_e,L1,2025-04-10 01:00:00,20250410,10000,2025-04-10 02:00:00,2,2025-04-10,0.087818813888889,0.351275255555556,0.351275255555556,15.000000000000000,900.000000000000000,100.000000000000000,1,900.000000000000000,100.000000000000000
u_e,L2,2025-04-10 01:00:00,20250410,10000,2025-04-10 02:00:00,2,2025-04-10,0.160069750000000,0.640279000000000,0.640279000000000,15.000000000000000,900.000000000000000,100.000000000000000,1,900.000000000000000,100.000000000000000
u_e,L3,2025-04-10 01:00:00,20250410,10000,2025-04-10 02:00:00,2,2025-04-10,0.258288983333333,1.033155933333334,1.033155933333334,15.000000000000000,900.000000000000000,100.000000000000000,1,900.000000000000000,100.000000000000000
u_e,ALL,2025-04-10 01:00:00,20250410,10000,2025-04-10 02:00:00,2,2025-04-10,0.506177547222222,2.024710188888889,0.674903396296297,15.000000000000000,900.000000000000000,100.000000000000000,1,900.000000000000000,100.000000000000000
u_e,L1,2025-04-10 01:15:00,20250410,11500,2025-04-10 02:15:00,2,2025-04-10,0.088035677777778,0.352142711111111,0.352142711111111,15.000000000000000,900.000000000000000,100.000000000000000,1,900.000000000000000,100.000000000000000
u_e,L2,2025-04-10 01:15:00,20250410,11500,2025-04-10 02:15:00,2,2025-04-10,0.160270358333333,0.641081433333333,0.641081433333333,15.000000000000000,900.000000000000000,100.000000000000000,1,900.000000000000000,100.000000000000000
u_e,L3,2025-04-10 01:15:00,20250410,11500,2025-04-10 02:15:00,2,2025-04-10,0.258279266666667,1.033117066666667,1.033117066666668,15.000000000000000,900.000000000000000,100.000000000000000,1,900.000000000000000,100.000000000000000
u_e,ALL,2025-04-10 01:15:00,20250410,11500,2025-04-10 02:15:00,2,2025-04-10,0.506585302777778,2.026341211111111,0.675447070370371,15.000000000000000,900.000000000000000,100.000000000000000,1,900.000000000000000,100.000000000000000
u_e,L1,2025-04-10 01:30:00,20250410,13000,2025-04-10 02:30:00,2,2025-04-10,0.087931225000000,0.351724900000000,0.351724900000000,15.000000000000000,900.000000000000000,100.000000000000000,1,900.000000000000000,100.000000000000000
u_e,L2,2025-04-10 01:30:00,20250410,13000,2025-04-10 02:30:00,2,2025-04-10,0.160394691666667,0.641578766666667,0.641578766666667,15.000000000000000,900.000000000000000,100.000000000000000,1,900.000000000000000,100.000000000000000
u_e,L3,2025-04-10 01:30:00,20250410,13000,2025-04-10 02:30:00,2,2025-04-10,0.258381905555555,1.033527622222222,1.033527622222222,15.000000000000000,900.000000000000000,100.000000000000000,1,900.000000000000000,100.000000000000000
u_e,ALL,2025-04-10 01:30:00,20250410,13000,2025-04-10 02:30:00,2,2025-04-10,0.506707822222222,2.026831288888889,0.675610429629630,15.000000000000000,900.000000000000000,100.000000000000000,1,900.000000000000000,100.000000000000000
u_e,L1,2025-04-10 01:45:00,20250410,14500,2025-04-10 02:45:00,2,2025-04-10,0.088001869444444,0.352007477777778,0.352007477777778,15.000000000000000,900.000000000000000,100.000000000000000,1,900.000000000000000,100.000000000000000
u_e,L2,2025-04-10 01:45:00,20250410,14500,2025-04-10 02:45:00,2,2025-04-10,0.160436275000000,0.641745100000000,0.641745100000001,15.000000000000000,900.000000000000000,100.000000000000000,1,900.000000000000000,100.000000000000000
u_e,L3,2025-04-10 01:45:00,20250410,14500,2025-04-10 02:45:00,2,2025-04-10,0.258318038888889,1.033272155555556,1.033272155555556,15.000000000000000,900.000000000000000,100.000000000000000,1,900.000000000000000,100.000000000000000
u_e,ALL,2025-04-10 01:45:00,20250410,14500,2025-04-10 02:45:00,2,2025-04-10,0.506756183333334,2.027024733333334,0.675674911111111,15.000000000000000,900.000000000000000,100.000000000000000,1,900.000000000000000,100.000000000000000
u_e,L1,2025-04-10 02:00:00,20250410,20000,2025-04-10 03:00:00,3,2025-04-10,0.088035750000000,0.352143000000000,0.352143000000000,15.000000000000000,900.000000000000000,100.000000000000000,1,900.000000000000000,100.000000000000000
u_e,L2,2025-04-10 02:00:00,20250410,20000,2025-04-10 03:00:00,3,2025-04-10,0.160607655555556,0.642430622222222,0.642430622222223,15.000000000000000,900.000000000000000,100.000000000000000,1,900.000000000000000,100.000000000000000
u_e,L3,2025-04-10 02:00:00,20250410,20000,2025-04-10 03:00:00,3,2025-04-10,0.258285411111111,1.033141644444445,1.033141644444445,15.000000000000000,900.000000000000000,100.000000000000000,1,900.000000000000000,100.000000000000000
u_e,ALL,2025-04-10 02:00:00,20250410,20000,2025-04-10 03:00:00,3,2025-04-10,0.506928816666667,2.027715266666667,0.675905088888889,15.000000000000000,900.000000000000000,100.000000000000000,1,900.000000000000000,100.000000000000000
u_e,L1,2025-04-10 02:15:00,20250410,21500,2025-04-10 03:15:00,3,2025-04-10,0.088020675000000,0.352082700000000,0.352082700000000,15.000000000000000,900.000000000000000,100.000000000000000,1,900.000000000000000,100.000000000000000
u_e,L2,2025-04-10 02:15:00,20250410,21500,2025-04-10 03:15:00,3,2025-04-10,0.160582719444444,0.642330877777778,0.642330877777778,15.000000000000000,900.000000000000000,100.000000000000000,1,900.000000000000000,100.000000000000000
u_e,L3,2025-04-10 02:15:00,20250410,21500,2025-04-10 03:15:00,3,2025-04-10,0.258248947222222,1.032995788888889,1.032995788888889,15.000000000000000,900.000000000000000,100.000000000000000,1,900.000000000000000,100.000000000000000
u_e,ALL,2025-04-10 02:15:00,20250410,21500,2025-04-10 03:15:00,3,2025-04-10,0.506852341666667,2.027409366666667,0.675803122222222,15.000000000000000,900.000000000000000,100.000000000000000,1,900.000000000000000,100.000000000000000
u_e,L1,2025-04-10 02:30:00,20250410,23000,2025-04-10 03:30:00,3,2025-04-10,0.088043619444444,0.352174477777778,0.352174477777778,15.000000000000000,900.000000000000000,100.000000000000000,1,900.000000000000000,100.000000000000000
u_e,L2,2025-04-10 02:30:00,20250410,23000,2025-04-10 03:30:00,3,2025-04-10,0.160560997222222,0.642243988888889,0.642243988888889,15.000000000000000,900.000000000000000,100.000000000000000,1,900.000000000000000,100.000000000000000
u_e,L3,2025-04-10 02:30:00,20250410,23000,2025-04-10 03:30:00,3,2025-04-10,0.258279605555556,1.033118422222222,1.033118422222223,15.000000000000000,900.000000000000000,100.000000000000000,1,900.000000000000000,100.000000000000000
u_e,ALL,2025-04-10 02:30:00,20250410,23000,2025-04-10 03:30:00,3,2025-04-10,0.506884222222222,2.027536888888889,0.675845629629630,15.000000000000000,900.000000000000000,100.000000000000000,1,900.000000000000000,100.000000000000000
u_e,L1,2025-04-10 02:45:00,20250410,24500,2025-04-10 03:45:00,3,2025-04-10,0.088001313888889,0.352005255555556,0.352005255555556,15.000000000000000,900.000000000000000,100.000000000000000,1,900.000000000000000,100.000000000000000
u_e,L2,2025-04-10 02:45:00,20250410,24500,2025-04-10 03:45:00,3,2025-04-10,0.160476705555556,0.641906822222223,0.641906822222223,15.000000000000000,900.000000000000000,100.000000000000000,1,900.000000000000000,100.000000000000000
u_e,L3,2025-04-10 02:45:00,20250410,24500,2025-04-10 03:45:00,3,2025-04-10,0.258231522222222,1.032926088888888,1.032926088888889,15.000000000000000,900.000000000000000,100.000000000000000,1,900.000000000000000,100.000000000000000
u_e,ALL,2025-04-10 02:45:00,20250410,24500,2025-04-10 03:45:00,3,2025-04-10,0.506709541666667,2.026838166666667,0.675612722222222,15.000000000000000,900.000000000000000,100.000000000000000,1,900.000000000000000,100.000000000000000
u_e,L1,2025-04-10 03:00:00,20250410,30000,2025-04-10 04:00:00,4,2025-04-10,0.087802475000000,0.351209900000000,0.351209900000000,15.000000000000000,900.000000000000000,100.000000000000000,1,900.000000000000000,100.000000000000000
u_e,L2,2025-04-10 03:00:00,20250410,30000,2025-04-10 04:00:00,4,2025-04-10,0.160310191666667,0.641240766666667,0.641240766666667,15.000000000000000,900.000000000000000,100.000000000000000,1,900.000000000000000,100.000000000000000
u_e,L3,2025-04-10 03:00:00,20250410,30000,2025-04-10 04:00:00,4,2025-04-10,0.258154552777778,1.032618211111112,1.032618211111112,15.000000000000000,900.000000000000000,100.000000000000000,1,900.000000000000000,100.000000000000000
u_e,ALL,2025-04-10 03:00:00,20250410,30000,2025-04-10 04:00:00,4,2025-04-10,0.506267219444445,2.025068877777779,0.675022959259260,15.000000000000000,900.000000000000000,100.000000000000000,1,900.000000000000000,100.000000000000000
u_e,L1,2025-04-10 03:15:00,20250410,31500,2025-04-10 04:15:00,4,2025-04-10,0.087820916666667,0.351283666666667,0.351283666666667,15.000000000000000,900.000000000000000,100.000000000000000,1,900.000000000000000,100.000000000000000
u_e,L2,2025-04-10 03:15:00,20250410,31500,2025-04-10 04:15:00,4,2025-04-10,0.160415469444444,0.641661877777778,0.641661877777778,15.000000000000000,900.000000000000000,100.000000000000000,1,900.000000000000000,100.000000000000000
u_e,L3,2025-04-10 03:15:00,20250410,31500,2025-04-10 04:15:00,4,2025-04-10,0.258176413888889,1.032705655555556,1.032705655555556,15.000000000000000,900.000000000000000,100.000000000000000,1,900.000000000000000,100.000000000000000
u_e,ALL,2025-04-10 03:15:00,20250410,31500,2025-04-10 04:15:00,4,2025-04-10,0.506412800000000,2.025651200000000,0.675217066666667,15.000000000000000,900.000000000000000,100.000000000000000,1,900.000000000000000,100.000000000000000
u_e,L1,2025-04-10 03:30:00,20250410,33000,2025-04-10 04:30:00,4,2025-04-10,0.087665636111111,0.350662544444444,0.350662544444444,15.000000000000000,900.000000000000000,100.000000000000000,1,900.000000000000000,100.000000000000000
u_e,L2,2025-04-10 03:30:00,20250410,33000,2025-04-10 04:30:00,4,2025-04-10,0.160232630555556,0.640930522222223,0.640930522222222,15.000000000000000,900.000000000000000,100.000000000000000,1,900.000000000000000,100.000000000000000
u_e,L3,2025-04-10 03:30:00,20250410,33000,2025-04-10 04:30:00,4,2025-04-10,0.258076019444445,1.032304077777778,1.032304077777778,15.000000000000000,900.000000000000000,100.000000000000000,1,900.000000000000000,100.000000000000000
u_e,ALL,2025-04-10 03:30:00,20250410,33000,2025-04-10 04:30:00,4,2025-04-10,0.505974286111111,2.023897144444445,0.674632381481482,15.000000000000000,900.000000000000000,100.000000000000000,1,900.000000000000000,100.000000000000000
u_e,L1,2025-04-10 03:45:00,20250410,34500,2025-04-10 04:45:00,4,2025-04-10,0.119647241666667,0.478588966666667,0.478588966666667,15.000000000000000,900.000000000000000,100.000000000000000,1,900.000000000000000,100.000000000000000
u_e,L2,2025-04-10 03:45:00,20250410,34500,2025-04-10 04:45:00,4,2025-04-10,0.167487433333333,0.669949733333333,0.669949733333333,15.000000000000000,900.000000000000000,100.000000000000000,1,900.000000000000000,100.000000000000000
u_e,L3,2025-04-10 03:45:00,20250410,34500,2025-04-10 04:45:00,4,2025-04-10,0.258216430555556,1.032865722222222,1.032865722222222,15.000000000000000,900.000000000000000,100.000000000000000,1,900.000000000000000,100.000000000000000
u_e,ALL,2025-04-10 03:45:00,20250410,34500,2025-04-10 04:45:00,4,2025-04-10,0.545351105555556,2.181404422222222,0.727134807407407,15.000000000000000,900.000000000000000,100.000000000000000,1,900.000000000000000,100.000000000000000
u_e,L1,2025-04-10 04:00:00,20250410,40000,2025-04-10 05:00:00,5,2025-04-10,1.588571780555555,6.354287122222222,6.354287122222221,15.000000000000000,900.000000000000000,100.000000000000000,1,900.000000000000000,100.000000000000000
u_e,L2,2025-04-10 04:00:00,20250410,40000,2025-04-10 05:00:00,5,2025-04-10,0.460429458333333,1.841717833333333,1.841717833333333,15.000000000000000,900.000000000000000,100.000000000000000,1,900.000000000000000,100.000000000000000
u_e,L3,2025-04-10 04:00:00,20250410,40000,2025-04-10 05:00:00,5,2025-04-10,0.400991875000000,1.603967500000000,1.603967500000000,15.000000000000000,900.000000000000000,100.000000000000000,1,900.000000000000000,100.000000000000000
u_e,ALL,2025-04-10 04:00:00,20250410,40000,2025-04-10 05:00:00,5,2025-04-10,2.449993113888889,9.799972455555555,3.266657485185185,15.000000000000000,900.000000000000000,100.000000000000000,1,900.000000000000000,100.000000000000000
u_e,L1,2025-04-10 04:15:00,20250410,41500,2025-04-10 05:15:00,5,2025-04-10,1.830126652777778,7.320506611111113,7.320506611111109,15.000000000000000,900.000000000000000,100.000000000000000,1,900.000000000000000,100.000000000000000
u_e,L2,2025-04-10 04:15:00,20250410,41500,2025-04-10 05:15:00,5,2025-04-10,0.693851286111111,2.775405144444444,2.775405144444445,15.000000000000000,900.000000000000000,100.000000000000000,1,900.000000000000000,100.000000000000000
u_e,L3,2025-04-10 04:15:00,20250410,41500,2025-04-10 05:15:00,5,2025-04-10,0.623458625000000,2.493834500000000,2.493834499999999,15.000000000000000,900.000000000000000,100.000000000000000,1,900.000000000000000,100.000000000000000
u_e,ALL,2025-04-10 04:15:00,20250410,41500,2025-04-10 05:15:00,5,2025-04-10,3.147436563888889,12.589746255555557,4.196582085185184,15.000000000000000,900.000000000000000,100.000000000000000,1,900.000000000000000,100.000000000000000
u_e,L1,2025-04-10 04:30:00,20250410,43000,2025-04-10 05:30:00,5,2025-04-10,1.889820805555556,7.559283222222223,7.559283222222223,15.000000000000000,900.000000000000000,100.000000000000000,1,900.000000000000000,100.000000000000000
u_e,L2,2025-04-10 04:30:00,20250410,43000,2025-04-10 05:30:00,5,2025-04-10,0.763812944444444,3.055251777777777,3.055251777777779,15.000000000000000,900.000000000000000,100.000000000000000,1,900.000000000000000,100.000000000000000
u_e,L3,2025-04-10 04:30:00,20250410,43000,2025-04-10 05:30:00,5,2025-04-10,0.691815616666667,2.767262466666667,2.767262466666668,15.000000000000000,900.000000000000000,100.000000000000000,1,900.000000000000000,100.000000000000000
u_e,ALL,2025-04-10 04:30:00,20250410,43000,2025-04-10 05:30:00,5,2025-04-10,3.345449366666667,13.381797466666667,4.460599155555556,15.000000000000000,900.000000000000000,100.000000000000000,1,900.000000000000000,100.000000000000000
u_e,L1,2025-04-10 04:45:00,20250410,44500,2025-04-10 05:45:00,5,2025-04-10,2.417313516666666,9.669254066666666,9.669254066666664,15.000000000000000,900.000000000000000,100.000000000000000,1,900.000000000000000,100.000000000000000
u_e,L2,2025-04-10 04:45:00,20250410,44500,2025-04-10 05:45:00,5,2025-04-10,1.214307408333334,4.857229633333336,4.857229633333330,15.000000000000000,900.000000000000000,100.000000000000000,1,900.000000000000000,100.000000000000000
u_e,L3,2025-04-10 04:45:00,20250410,44500,2025-04-10 05:45:00,5,2025-04-10,1.133994930555555,4.535979722222221,4.535979722222223,15.000000000000000,900.000000000000000,100.000000000000000,1,900.000000000000000,100.000000000000000
u_e,ALL,2025-04-10 04:45:00,20250410,44500,2025-04-10 05:45:00,5,2025-04-10,4.765615855555556,19.062463422222223,6.354154474074072,15.000000000000000,900.000000000000000,100.000000000000000,1,900.000000000000000,100.000000000000000
u_e,L1,2025-04-10 05:00:00,20250410,50000,2025-04-10 06:00:00,6,2025-04-10,2.398741575000000,9.594966300000001,9.594966300000003,15.000000000000000,900.000000000000000,100.000000000000000,1,900.000000000000000,100.000000000000000
u_e,L2,2025-04-10 05:00:00,20250410,50000,2025-04-10 06:00:00,6,2025-04-10,1.166664947222222,4.666659788888889,4.666659788888889,15.000000000000000,900.000000000000000,100.000000000000000,1,900.000000000000000,100.000000000000000
u_e,L3,2025-04-10 05:00:00,20250410,50000,2025-04-10 06:00:00,6,2025-04-10,1.090581080555556,4.362324322222223,4.362324322222222,15.000000000000000,900.000000000000000,100.000000000000000,1,900.000000000000000,100.000000000000000
u_e,ALL,2025-04-10 05:00:00,20250410,50000,2025-04-10 06:00:00,6,2025-04-10,4.655987602777778,18.623950411111110,6.207983470370371,15.000000000000000,900.000000000000000,100.000000000000000,1,900.000000000000000,100.000000000000000
u_e,L1,2025-04-10 05:15:00,20250410,51500,2025-04-10 06:15:00,6,2025-04-10,2.086262450000001,8.345049800000004,8.345049800000002,15.000000000000000,900.000000000000000,100.000000000000000,1,900.000000000000000,100.000000000000000
u_e,L2,2025-04-10 05:15:00,20250410,51500,2025-04-10 06:15:00,6,2025-04-10,0.847837216666667,3.391348866666668,3.391348866666668,15.000000000000000,900.000000000000000,100.000000000000000,1,900.000000000000000,100.000000000000000
u_e,L3,2025-04-10 05:15:00,20250410,51500,2025-04-10 06:15:00,6,2025-04-10,0.771824741666666,3.087298966666666,3.087298966666665,15.000000000000000,900.000000000000000,100.000000000000000,1,900.000000000000000,100.000000000000000
u_e,ALL,2025-04-10 05:15:00,20250410,51500,2025-04-10 06:15:00,6,2025-04-10,3.705924408333334,14.823697633333337,4.941232544444445,15.000000000000000,900.000000000000000,100.000000000000000,1,900.000000000000000,100.000000000000000
u_e,L1,2025-04-10 05:30:00,20250410,53000,2025-04-10 06:30:00,6,2025-04-10,2.086520991666668,8.346083966666670,8.346083966666667,15.000000000000000,900.000000000000000,100.000000000000000,1,900.000000000000000,100.000000000000000
u_e,L2,2025-04-10 05:30:00,20250410,53000,2025-04-10 06:30:00,6,2025-04-10,0.872640966666667,3.490563866666668,3.490563866666668,15.000000000000000,900.000000000000000,100.000000000000000,1,900.000000000000000,100.000000000000000
u_e,L3,2025-04-10 05:30:00,20250410,53000,2025-04-10 06:30:00,6,2025-04-10,0.799175372222223,3.196701488888890,3.196701488888888,15.000000000000000,900.000000000000000,100.000000000000000,1,900.000000000000000,100.000000000000000
u_e,ALL,2025-04-10 05:30:00,20250410,53000,2025-04-10 06:30:00,6,2025-04-10,3.758337330555557,15.033349322222227,5.011116440740741,15.000000000000000,900.000000000000000,100.000000000000000,1,900.000000000000000,100.000000000000000
u_e,L1,2025-04-10 05:45:00,20250410,54500,2025-04-10 06:45:00,6,2025-04-10,2.054810033333333,8.219240133333333,8.219240133333336,15.000000000000000,900.000000000000000,100.000000000000000,1,900.000000000000000,100.000000000000000
u_e,L2,2025-04-10 05:45:00,20250410,54500,2025-04-10 06:45:00,6,2025-04-10,0.872201963888889,3.488807855555555,3.488807855555557,15.000000000000000,900.000000000000000,100.000000000000000,1,900.000000000000000,100.000000000000000
u_e,L3,2025-04-10 05:45:00,20250410,54500,2025-04-10 06:45:00,6,2025-04-10,0.772224830555556,3.088899322222222,3.088899322222221,15.000000000000000,900.000000000000000,100.000000000000000,1,900.000000000000000,100.000000000000000
u_e,ALL,2025-04-10 05:45:00,20250410,54500,2025-04-10 06:45:00,6,2025-04-10,3.699236827777777,14.796947311111110,4.932315770370372,15.000000000000000,900.000000000000000,100.000000000000000,1,900.000000000000000,100.000000000000000
u_e,L1,2025-04-10 06:00:00,20250410,60000,2025-04-10 07:00:00,7,2025-04-10,1.966971680555555,7.867886722222222,7.867886722222225,15.000000000000000,900.000000000000000,100.000000000000000,1,900.000000000000000,100.000000000000000
u_e,L2,2025-04-10 06:00:00,20250410,60000,2025-04-10 07:00:00,7,2025-04-10,0.757221425000000,3.028885700000000,3.028885700000000,15.000000000000000,900.000000000000000,100.000000000000000,1,900.000000000000000,100.000000000000000
u_e,L3,2025-04-10 06:00:00,20250410,60000,2025-04-10 07:00:00,7,2025-04-10,0.670656700000000,2.682626800000001,2.682626800000001,15.000000000000000,900.000000000000000,100.000000000000000,1,900.000000000000000,100.000000000000000
u_e,ALL,2025-04-10 06:00:00,20250410,60000,2025-04-10 07:00:00,7,2025-04-10,3.394849805555556,13.579399222222223,4.526466407407408,15.000000000000000,900.000000000000000,100.000000000000000,1,900.000000000000000,100.000000000000000
u_e,L1,2025-04-10 06:15:00,20250410,61500,2025-04-10 07:15:00,7,2025-04-10,1.860697405555556,7.442789622222223,7.442789622222223,15.000000000000000,900.000000000000000,100.000000000000000,1,900.000000000000000,100.000000000000000
u_e,L2,2025-04-10 06:15:00,20250410,61500,2025-04-10 07:15:00,7,2025-04-10,0.658234519444444,2.632938077777777,2.632938077777778,15.000000000000000,900.000000000000000,100.000000000000000,1,900.000000000000000,100.000000000000000
u_e,L3,2025-04-10 06:15:00,20250410,61500,2025-04-10 07:15:00,7,2025-04-10,0.579567252777778,2.318269011111112,2.318269011111111,15.000000000000000,900.000000000000000,100.000000000000000,1,900.000000000000000,100.000000000000000
u_e,ALL,2025-04-10 06:15:00,20250410,61500,2025-04-10 07:15:00,7,2025-04-10,3.098499177777778,12.393996711111111,4.131332237037038,15.000000000000000,900.000000000000000,100.000000000000000,1,900.000000000000000,100.000000000000000
u_e,L1,2025-04-10 06:30:00,20250410,63000,2025-04-10 07:30:00,7,2025-04-10,2.039731869444445,8.158927477777778,8.158927477777778,15.000000000000000,900.000000000000000,100.000000000000000,1,900.000000000000000,100.000000000000000
u_e,L2,2025-04-10 06:30:00,20250410,63000,2025-04-10 07:30:00,7,2025-04-10,0.857692441666666,3.430769766666665,3.430769766666667,15.000000000000000,900.000000000000000,100.000000000000000,1,900.000000000000000,100.000000000000000
u_e,L3,2025-04-10 06:30:00,20250410,63000,2025-04-10 07:30:00,7,2025-04-10,0.753978472222222,3.015913888888890,3.015913888888889,15.000000000000000,900.000000000000000,100.000000000000000,1,900.000000000000000,100.000000000000000
u_e,ALL,2025-04-10 06:30:00,20250410,63000,2025-04-10 07:30:00,7,2025-04-10,3.651402783333333,14.605611133333333,4.868537044444445,15.000000000000000,900.000000000000000,100.000000000000000,1,900.000000000000000,100.000000000000000
u_e,L1,2025-04-10 06:45:00,20250410,64500,2025-04-10 07:45:00,7,2025-04-10,2.045077125000000,8.180308499999999,8.180308499999997,15.000000000000000,900.000000000000000,100.000000000000000,1,900.000000000000000,100.000000000000000
u_e,L2,2025-04-10 06:45:00,20250410,64500,2025-04-10 07:45:00,7,2025-04-10,0.830784927777778,3.323139711111112,3.323139711111113,15.000000000000000,900.000000000000000,100.000000000000000,1,900.000000000000000,100.000000000000000
u_e,L3,2025-04-10 06:45:00,20250410,64500,2025-04-10 07:45:00,7,2025-04-10,0.751388469444444,3.005553877777777,3.005553877777777,15.000000000000000,900.000000000000000,100.000000000000000,1,900.000000000000000,100.000000000000000
u_e,ALL,2025-04-10 06:45:00,20250410,64500,2025-04-10 07:45:00,7,2025-04-10,3.627250522222222,14.509002088888888,4.836334029629629,15.000000000000000,900.000000000000000,100.000000000000000,1,900.000000000000000,100.000000000000000
u_e,L1,2025-04-10 07:00:00,20250410,70000,2025-04-10 08:00:00,8,2025-04-10,1.879121077777778,7.516484311111111,7.516484311111109,15.000000000000000,900.000000000000000,100.000000000000000,1,900.000000000000000,100.000000000000000
u_e,L2,2025-04-10 07:00:00,20250410,70000,2025-04-10 08:00:00,8,2025-04-10,0.661176377777778,2.644705511111112,2.644705511111113,15.000000000000000,900.000000000000000,100.000000000000000,1,900.000000000000000,100.000000000000000
u_e,L3,2025-04-10 07:00:00,20250410,70000,2025-04-10 08:00:00,8,2025-04-10,0.581520197222222,2.326080788888889,2.326080788888889,15.000000000000000,900.000000000000000,100.000000000000000,1,900.000000000000000,100.000000000000000
u_e,ALL,2025-04-10 07:00:00,20250410,70000,2025-04-10 08:00:00,8,2025-04-10,3.121817652777778,12.487270611111111,4.162423537037037,15.000000000000000,900.000000000000000,100.000000000000000,1,900.000000000000000,100.000000000000000
u_e,L1,2025-04-10 07:15:00,20250410,71500,2025-04-10 08:15:00,8,2025-04-10,1.972264066666666,7.889056266666666,7.889056266666667,15.000000000000000,900.000000000000000,100.000000000000000,1,900.000000000000000,100.000000000000000
u_e,L2,2025-04-10 07:15:00,20250410,71500,2025-04-10 08:15:00,8,2025-04-10,0.754741594444444,3.018966377777778,3.018966377777778,15.000000000000000,900.000000000000000,100.000000000000000,1,900.000000000000000,100.000000000000000
u_e,L3,2025-04-10 07:15:00,20250410,71500,2025-04-10 08:15:00,8,2025-04-10,0.689714988888889,2.758859955555558,2.758859955555555,15.000000000000000,900.000000000000000,100.000000000000000,1,900.000000000000000,100.000000000000000
u_e,ALL,2025-04-10 07:15:00,20250410,71500,2025-04-10 08:15:00,8,2025-04-10,3.416720650000000,13.666882600000001,4.555627533333334,15.000000000000000,900.000000000000000,100.000000000000000,1,900.000000000000000,100.000000000000000
u_e,L1,2025-04-10 07:30:00,20250410,73000,2025-04-10 08:30:00,8,2025-04-10,2.050211244444444,8.200844977777775,8.200844977777781,15.000000000000000,900.000000000000000,100.000000000000000,1,900.000000000000000,100.000000000000000
u_e,L2,2025-04-10 07:30:00,20250410,73000,2025-04-10 08:30:00,8,2025-04-10,0.817647744444445,3.270590977777779,3.270590977777778,15.000000000000000,900.000000000000000,100.000000000000000,1,900.000000000000000,100.000000000000000
u_e,L3,2025-04-10 07:30:00,20250410,73000,2025-04-10 08:30:00,8,2025-04-10,0.754548391666667,3.018193566666666,3.018193566666667,15.000000000000000,900.000000000000000,100.000000000000000,1,900.000000000000000,100.000000000000000
u_e,ALL,2025-04-10 07:30:00,20250410,73000,2025-04-10 08:30:00,8,2025-04-10,3.622407380555555,14.489629522222220,4.829876507407408,15.000000000000000,900.000000000000000,100.000000000000000,1,900.000000000000000,100.000000000000000
u_e,L1,2025-04-10 07:45:00,20250410,74500,2025-04-10 08:45:00,8,2025-04-10,1.877870197222222,7.511480788888890,7.511480788888888,15.000000000000000,900.000000000000000,100.000000000000000,1,900.000000000000000,100.000000000000000
u_e,L2,2025-04-10 07:45:00,20250410,74500,2025-04-10 08:45:00,8,2025-04-10,0.638510702777778,2.554042811111111,2.554042811111111,15.000000000000000,900.000000000000000,100.000000000000000,1,900.000000000000000,100.000000000000000
u_e,L3,2025-04-10 07:45:00,20250410,74500,2025-04-10 08:45:00,8,2025-04-10,0.576040777777778,2.304163111111111,2.304163111111111,15.000000000000000,900.000000000000000,100.000000000000000,1,900.000000000000000,100.000000000000000
u_e,ALL,2025-04-10 07:45:00,20250410,74500,2025-04-10 08:45:00,8,2025-04-10,3.092421677777778,12.369686711111111,4.123228903703704,15.000000000000000,900.000000000000000,100.000000000000000,1,900.000000000000000,100.000000000000000
u_e,L1,2025-04-10 08:00:00,20250410,80000,2025-04-10 09:00:00,9,2025-04-10,1.994302383333333,7.977209533333332,7.977209533333333,15.000000000000000,900.000000000000000,100.000000000000000,1,900.000000000000000,100.000000000000000
u_e,L2,2025-04-10 08:00:00,20250410,80000,2025-04-10 09:00:00,9,2025-04-10,0.739082425000000,2.956329699999999,2.956329700000002,15.000000000000000,900.000000000000000,100.000000000000000,1,900.000000000000000,100.000000000000000
u_e,L3,2025-04-10 08:00:00,20250410,80000,2025-04-10 09:00:00,9,2025-04-10,0.676324538888889,2.705298155555557,2.705298155555557,15.000000000000000,900.000000000000000,100.000000000000000,1,900.000000000000000,100.000000000000000
u_e,ALL,2025-04-10 08:00:00,20250410,80000,2025-04-10 09:00:00,9,2025-04-10,3.409709347222222,13.638837388888888,4.546279129629631,15.000000000000000,900.000000000000000,100.000000000000000,1,900.000000000000000,100.000000000000000
u_e,L1,2025-04-10 08:15:00,20250410,81500,2025-04-10 09:15:00,9,2025-04-10,2.040800902777778,8.163203611111111,8.163203611111111,15.000000000000000,900.000000000000000,100.000000000000000,1,900.000000000000000,100.000000000000000
u_e,L2,2025-04-10 08:15:00,20250410,81500,2025-04-10 09:15:00,9,2025-04-10,0.803557627777778,3.214230511111111,3.214230511111112,15.000000000000000,900.000000000000000,100.000000000000000,1,900.000000000000000,100.000000000000000
u_e,L3,2025-04-10 08:15:00,20250410,81500,2025-04-10 09:15:00,9,2025-04-10,0.739932527777778,2.959730111111111,2.959730111111112,15.000000000000000,900.000000000000000,100.000000000000000,1,900.000000000000000,100.000000000000000
u_e,ALL,2025-04-10 08:15:00,20250410,81500,2025-04-10 09:15:00,9,2025-04-10,3.584291058333334,14.337164233333334,4.779054744444445,15.000000000000000,900.000000000000000,100.000000000000000,1,900.000000000000000,100.000000000000000
u_e,L1,2025-04-10 08:30:00,20250410,83000,2025-04-10 09:30:00,9,2025-04-10,1.810621119444445,7.242484477777778,7.242484477777777,15.000000000000000,900.000000000000000,100.000000000000000,1,900.000000000000000,100.000000000000000
u_e,L2,2025-04-10 08:30:00,20250410,83000,2025-04-10 09:30:00,9,2025-04-10,0.558845808333334,2.235383233333335,2.235383233333334,15.000000000000000,900.000000000000000,100.000000000000000,1,900.000000000000000,100.000000000000000
u_e,L3,2025-04-10 08:30:00,20250410,83000,2025-04-10 09:30:00,9,2025-04-10,0.504476150000000,2.017904599999999,2.017904600000000,15.000000000000000,900.000000000000000,100.000000000000000,1,900.000000000000000,100.000000000000000
u_e,ALL,2025-04-10 08:30:00,20250410,83000,2025-04-10 09:30:00,9,2025-04-10,2.873943077777778,11.495772311111111,3.831924103703703,15.000000000000000,900.000000000000000,100.000000000000000,1,900.000000000000000,100.000000000000000
u_e,L1,2025-04-10 08:45:00,20250410,84500,2025-04-10 09:45:00,9,2025-04-10,2.060193924999999,8.240775699999997,8.240775700000000,15.000000000000000,900.000000000000000,100.000000000000000,1,900.000000000000000,100.000000000000000
u_e,L2,2025-04-10 08:45:00,20250410,84500,2025-04-10 09:45:00,9,2025-04-10,0.793560394444444,3.174241577777777,3.174241577777777,15.000000000000000,900.000000000000000,100.000000000000000,1,900.000000000000000,100.000000000000000
u_e,L3,2025-04-10 08:45:00,20250410,84500,2025-04-10 09:45:00,9,2025-04-10,0.737913730555556,2.951654922222222,2.951654922222221,15.000000000000000,900.000000000000000,100.000000000000000,1,900.000000000000000,100.000000000000000
u_e,ALL,2025-04-10 08:45:00,20250410,84500,2025-04-10 09:45:00,9,2025-04-10,3.591668049999999,14.366672199999996,4.788890733333332,15.000000000000000,900.000000000000000,100.000000000000000,1,900.000000000000000,100.000000000000000
u_e,L1,2025-04-10 09:00:00,20250410,90000,2025-04-10 10:00:00,10,2025-04-10,1.842049375000000,7.368197499999999,7.368197500000001,15.000000000000000,900.000000000000000,100.000000000000000,1,900.000000000000000,100.000000000000000
u_e,L2,2025-04-10 09:00:00,20250410,90000,2025-04-10 10:00:00,10,2025-04-10,0.563093013888889,2.252372055555555,2.252372055555556,15.000000000000000,900.000000000000000,100.000000000000000,1,900.000000000000000,100.000000000000000
u_e,L3,2025-04-10 09:00:00,20250410,90000,2025-04-10 10:00:00,10,2025-04-10,0.504494080555556,2.017976322222222,2.017976322222222,15.000000000000000,900.000000000000000,100.000000000000000,1,900.000000000000000,100.000000000000000
u_e,ALL,2025-04-10 09:00:00,20250410,90000,2025-04-10 10:00:00,10,2025-04-10,2.909636469444444,11.638545877777776,3.879515292592593,15.000000000000000,900.000000000000000,100.000000000000000,1,900.000000000000000,100.000000000000000
u_e,L1,2025-04-10 09:15:00,20250410,91500,2025-04-10 10:15:00,10,2025-04-10,2.062862838888889,8.251451355555556,8.251451355555552,15.000000000000000,900.000000000000000,100.000000000000000,1,900.000000000000000,100.000000000000000
u_e,L2,2025-04-10 09:15:00,20250410,91500,2025-04-10 10:15:00,10,2025-04-10,0.801425280555556,3.205701122222222,3.205701122222224,15.000000000000000,900.000000000000000,100.000000000000000,1,900.000000000000000,100.000000000000000
u_e,L3,2025-04-10 09:15:00,20250410,91500,2025-04-10 10:15:00,10,2025-04-10,0.741420713888889,2.965682855555556,2.965682855555555,15.000000000000000,900.000000000000000,100.000000000000000,1,900.000000000000000,100.000000000000000
u_e,ALL,2025-04-10 09:15:00,20250410,91500,2025-04-10 10:15:00,10,2025-04-10,3.605708833333333,14.422835333333333,4.807611777777777,15.000000000000000,900.000000000000000,100.000000000000000,1,900.000000000000000,100.000000000000000
u_e,L1,2025-04-10 09:30:00,20250410,93000,2025-04-10 10:30:00,10,2025-04-10,1.861540497222223,7.446161988888892,7.446161988888889,15.000000000000000,900.000000000000000,100.000000000000000,1,900.000000000000000,100.000000000000000
u_e,L2,2025-04-10 09:30:00,20250410,93000,2025-04-10 10:30:00,10,2025-04-10,0.590702700000000,2.362810800000000,2.362810800000000,15.000000000000000,900.000000000000000,100.000000000000000,1,900.000000000000000,100.000000000000000
u_e,L3,2025-04-10 09:30:00,20250410,93000,2025-04-10 10:30:00,10,2025-04-10,0.533095227777778,2.132380911111111,2.132380911111111,15.000000000000000,900.000000000000000,100.000000000000000,1,900.000000000000000,100.000000000000000
u_e,ALL,2025-04-10 09:30:00,20250410,93000,2025-04-10 10:30:00,10,2025-04-10,2.985338425000001,11.941353700000002,3.980451233333333,15.000000000000000,900.000000000000000,100.000000000000000,1,900.000000000000000,100.000000000000000
u_e,L1,2025-04-10 09:45:00,20250410,94500,2025-04-10 10:45:00,10,2025-04-10,2.014655313888890,8.058621255555559,8.058621255555554,15.000000000000000,900.000000000000000,100.000000000000000,1,900.000000000000000,100.000000000000000
u_e,L2,2025-04-10 09:45:00,20250410,94500,2025-04-10 10:45:00,10,2025-04-10,0.761743561111111,3.046974244444445,3.046974244444443,15.000000000000000,900.000000000000000,100.000000000000000,1,900.000000000000000,100.000000000000000
u_e,L3,2025-04-10 09:45:00,20250410,94500,2025-04-10 10:45:00,10,2025-04-10,0.689759536111111,2.759038144444444,2.759038144444446,15.000000000000000,900.000000000000000,100.000000000000000,1,900.000000000000000,100.000000000000000
u_e,ALL,2025-04-10 09:45:00,20250410,94500,2025-04-10 10:45:00,10,2025-04-10,3.466158411111112,13.864633644444449,4.621544548148147,15.000000000000000,900.000000000000000,100.000000000000000,1,900.000000000000000,100.000000000000000
u_e,L1,2025-04-10 10:00:00,20250410,100000,2025-04-10 11:00:00,11,2025-04-10,1.855846983333333,7.423387933333332,7.423387933333337,15.000000000000000,900.000000000000000,100.000000000000000,1,900.000000000000000,100.000000000000000
u_e,L2,2025-04-10 10:00:00,20250410,100000,2025-04-10 11:00:00,11,2025-04-10,0.586394302777778,2.345577211111110,2.345577211111111,15.000000000000000,900.000000000000000,100.000000000000000,1,900.000000000000000,100.000000000000000
u_e,L3,2025-04-10 10:00:00,20250410,100000,2025-04-10 11:00:00,11,2025-04-10,0.530814933333333,2.123259733333333,2.123259733333333,15.000000000000000,900.000000000000000,100.000000000000000,1,900.000000000000000,100.000000000000000
u_e,ALL,2025-04-10 10:00:00,20250410,100000,2025-04-10 11:00:00,11,2025-04-10,2.973056219444444,11.892224877777775,3.964074959259261,15.000000000000000,900.000000000000000,100.000000000000000,1,900.000000000000000,100.000000000000000
u_e,L1,2025-04-10 10:15:00,20250410,101500,2025-04-10 11:15:00,11,2025-04-10,2.021867816666666,8.087471266666665,8.087471266666666,15.000000000000000,900.000000000000000,100.000000000000000,1,900.000000000000000,100.000000000000000
u_e,L2,2025-04-10 10:15:00,20250410,101500,2025-04-10 11:15:00,11,2025-04-10,0.751731455555556,3.006925822222223,3.006925822222221,15.000000000000000,900.000000000000000,100.000000000000000,1,900.000000000000000,100.000000000000000
u_e,L3,2025-04-10 10:15:00,20250410,101500,2025-04-10 11:15:00,11,2025-04-10,0.698917347222223,2.795669388888891,2.795669388888892,15.000000000000000,900.000000000000000,100.000000000000000,1,900.000000000000000,100.000000000000000
u_e,ALL,2025-04-10 10:15:00,20250410,101500,2025-04-10 11:15:00,11,2025-04-10,3.472516619444445,13.890066477777779,4.630022159259260,15.000000000000000,900.000000000000000,100.000000000000000,1,900.000000000000000,100.000000000000000
u_e,L1,2025-04-10 10:30:00,20250410,103000,2025-04-10 11:30:00,11,2025-04-10,1.816593258333334,7.266373033333334,7.266373033333331,15.000000000000000,900.000000000000000,100.000000000000000,1,900.000000000000000,100.000000000000000
u_e,L2,2025-04-10 10:30:00,20250410,103000,2025-04-10 11:30:00,11,2025-04-10,0.550710627777778,2.202842511111111,2.202842511111111,15.000000000000000,900.000000000000000,100.000000000000000,1,900.000000000000000,100.000000000000000
u_e,L3,2025-04-10 10:30:00,20250410,103000,2025-04-10 11:30:00,11,2025-04-10,0.494211205555556,1.976844822222223,1.976844822222222,15.000000000000000,900.000000000000000,100.000000000000000,1,900.000000000000000,100.000000000000000
u_e,ALL,2025-04-10 10:30:00,20250410,103000,2025-04-10 11:30:00,11,2025-04-10,2.861515091666667,11.446060366666668,3.815353455555555,15.000000000000000,900.000000000000000,100.000000000000000,1,900.000000000000000,100.000000000000000
u_e,L1,2025-04-10 10:45:00,20250410,104500,2025-04-10 11:45:00,11,2025-04-10,1.821729558333333,7.286918233333330,7.286918233333332,15.000000000000000,900.000000000000000,100.000000000000000,1,900.000000000000000,100.000000000000000
u_e,L2,2025-04-10 10:45:00,20250410,104500,2025-04-10 11:45:00,11,2025-04-10,0.546113455555556,2.184453822222223,2.184453822222222,15.000000000000000,900.000000000000000,100.000000000000000,1,900.000000000000000,100.000000000000000
u_e,L3,2025-04-10 10:45:00,20250410,104500,2025-04-10 11:45:00,11,2025-04-10,0.487195413888889,1.948781655555556,1.948781655555555,15.000000000000000,900.000000000000000,100.000000000000000,1,900.000000000000000,100.000000000000000
u_e,ALL,2025-04-10 10:45:00,20250410,104500,2025-04-10 11:45:00,11,2025-04-10,2.855038427777777,11.420153711111109,3.806717903703703,15.000000000000000,900.000000000000000,100.000000000000000,1,900.000000000000000,100.000000000000000
u_e,L1,2025-04-10 11:00:00,20250410,110000,2025-04-10 12:00:00,12,2025-04-10,1.832422108333333,7.329688433333333,7.329688433333335,15.000000000000000,900.000000000000000,100.000000000000000,1,900.000000000000000,100.000000000000000
u_e,L2,2025-04-10 11:00:00,20250410,110000,2025-04-10 12:00:00,12,2025-04-10,0.556309536111111,2.225238144444444,2.225238144444446,15.000000000000000,900.000000000000000,100.000000000000000,1,900.000000000000000,100.000000000000000
u_e,L3,2025-04-10 11:00:00,20250410,110000,2025-04-10 12:00:00,12,2025-04-10,0.492130258333333,1.968521033333333,1.968521033333334,15.000000000000000,900.000000000000000,100.000000000000000,1,900.000000000000000,100.000000000000000
u_e,ALL,2025-04-10 11:00:00,20250410,110000,2025-04-10 12:00:00,12,2025-04-10,2.880861902777777,11.523447611111109,3.841149203703705,15.000000000000000,900.000000000000000,100.000000000000000,1,900.000000000000000,100.000000000000000
u_e,L1,2025-04-10 11:15:00,20250410,111500,2025-04-10 12:15:00,12,2025-04-10,1.820450027777777,7.281800111111108,7.281800111111112,15.000000000000000,900.000000000000000,100.000000000000000,1,900.000000000000000,100.000000000000000
u_e,L2,2025-04-10 11:15:00,20250410,111500,2025-04-10 12:15:00,12,2025-04-10,0.546552536111111,2.186210144444444,2.186210144444445,15.000000000000000,900.000000000000000,100.000000000000000,1,900.000000000000000,100.000000000000000
u_e,L3,2025-04-10 11:15:00,20250410,111500,2025-04-10 12:15:00,12,2025-04-10,0.476220158333333,1.904880633333333,1.904880633333334,15.000000000000000,900.000000000000000,100.000000000000000,1,900.000000000000000,100.000000000000000
u_e,ALL,2025-04-10 11:15:00,20250410,111500,2025-04-10 12:15:00,12,2025-04-10,2.843222722222221,11.372890888888886,3.790963629629630,15.000000000000000,900.000000000000000,100.000000000000000,1,900.000000000000000,100.000000000000000
u_e,L1,2025-04-10 11:30:00,20250410,113000,2025-04-10 12:30:00,12,2025-04-10,1.893565247222222,7.574260988888889,7.574260988888887,15.000000000000000,900.000000000000000,100.000000000000000,1,900.000000000000000,100.000000000000000
u_e,L2,2025-04-10 11:30:00,20250410,113000,2025-04-10 12:30:00,12,2025-04-10,0.643903977777777,2.575615911111110,2.575615911111111,15.000000000000000,900.000000000000000,100.000000000000000,1,900.000000000000000,100.000000000000000
u_e,L3,2025-04-10 11:30:00,20250410,113000,2025-04-10 12:30:00,12,2025-04-10,0.559729530555556,2.238918122222223,2.238918122222222,15.000000000000000,900.000000000000000,100.000000000000000,1,900.000000000000000,100.000000000000000
u_e,ALL,2025-04-10 11:30:00,20250410,113000,2025-04-10 12:30:00,12,2025-04-10,3.097198755555556,12.388795022222222,4.129598340740739,15.000000000000000,900.000000000000000,100.000000000000000,1,900.000000000000000,100.000000000000000
u_e,L1,2025-04-10 11:45:00,20250410,114500,2025-04-10 12:45:00,12,2025-04-10,1.805362136111111,7.221448544444442,7.221448544444444,15.000000000000000,900.000000000000000,100.000000000000000,1,900.000000000000000,100.000000000000000
u_e,L2,2025-04-10 11:45:00,20250410,114500,2025-04-10 12:45:00,12,2025-04-10,0.551962925000000,2.207851700000000,2.207851700000000,15.000000000000000,900.000000000000000,100.000000000000000,1,900.000000000000000,100.000000000000000
u_e,L3,2025-04-10 11:45:00,20250410,114500,2025-04-10 12:45:00,12,2025-04-10,0.477554119444444,1.910216477777778,1.910216477777778,15.000000000000000,900.000000000000000,100.000000000000000,1,900.000000000000000,100.000000000000000
u_e,ALL,2025-04-10 11:45:00,20250410,114500,2025-04-10 12:45:00,12,2025-04-10,2.834879180555555,11.339516722222221,3.779838907407408,15.000000000000000,900.000000000000000,100.000000000000000,1,900.000000000000000,100.000000000000000
u_e,L1,2025-04-10 12:00:00,20250410,120000,2025-04-10 13:00:00,13,2025-04-10,1.791819133333333,7.167276533333332,7.167276533333335,15.000000000000000,900.000000000000000,100.000000000000000,1,900.000000000000000,100.000000000000000
u_e,L2,2025-04-10 12:00:00,20250410,120000,2025-04-10 13:00:00,13,2025-04-10,0.533777116666666,2.135108466666666,2.135108466666667,15.000000000000000,900.000000000000000,100.000000000000000,1,900.000000000000000,100.000000000000000
u_e,L3,2025-04-10 12:00:00,20250410,120000,2025-04-10 13:00:00,13,2025-04-10,0.463347200000000,1.853388800000000,1.853388799999999,15.000000000000000,900.000000000000000,100.000000000000000,1,900.000000000000000,100.000000000000000
u_e,ALL,2025-04-10 12:00:00,20250410,120000,2025-04-10 13:00:00,13,2025-04-10,2.788943450000000,11.155773799999999,3.718591266666667,15.000000000000000,900.000000000000000,100.000000000000000,1,900.000000000000000,100.000000000000000
u_e,L1,2025-04-10 12:15:00,20250410,121500,2025-04-10 13:15:00,13,2025-04-10,1.844177866666666,7.376711466666666,7.376711466666667,15.000000000000000,900.000000000000000,100.000000000000000,1,900.000000000000000,100.000000000000000
u_e,L2,2025-04-10 12:15:00,20250410,121500,2025-04-10 13:15:00,13,2025-04-10,0.602005066666667,2.408020266666667,2.408020266666667,15.000000000000000,900.000000000000000,100.000000000000000,1,900.000000000000000,100.000000000000000
u_e,L3,2025-04-10 12:15:00,20250410,121500,2025-04-10 13:15:00,13,2025-04-10,0.515214380555556,2.060857522222222,2.060857522222222,15.000000000000000,900.000000000000000,100.000000000000000,1,900.000000000000000,100.000000000000000
u_e,ALL,2025-04-10 12:15:00,20250410,121500,2025-04-10 13:15:00,13,2025-04-10,2.961397313888889,11.845589255555556,3.948529751851853,15.000000000000000,900.000000000000000,100.000000000000000,1,900.000000000000000,100.000000000000000
u_e,L1,2025-04-10 12:30:00,20250410,123000,2025-04-10 13:30:00,13,2025-04-10,1.804248816666667,7.216995266666667,7.216995266666667,15.000000000000000,900.000000000000000,100.000000000000000,1,900.000000000000000,100.000000000000000
u_e,L2,2025-04-10 12:30:00,20250410,123000,2025-04-10 13:30:00,13,2025-04-10,0.542237977777778,2.168951911111111,2.168951911111112,15.000000000000000,900.000000000000000,100.000000000000000,1,900.000000000000000,100.000000000000000
u_e,L3,2025-04-10 12:30:00,20250410,123000,2025-04-10 13:30:00,13,2025-04-10,0.464789233333333,1.859156933333333,1.859156933333334,15.000000000000000,900.000000000000000,100.000000000000000,1,900.000000000000000,100.000000000000000
u_e,ALL,2025-04-10 12:30:00,20250410,123000,2025-04-10 13:30:00,13,2025-04-10,2.811276027777778,11.245104111111111,3.748368037037038,15.000000000000000,900.000000000000000,100.000000000000000,1,900.000000000000000,100.000000000000000
u_e,L1,2025-04-10 12:45:00,20250410,124500,2025-04-10 13:45:00,13,2025-04-10,1.798424769444444,7.193699077777776,7.193699077777778,15.000000000000000,900.000000000000000,100.000000000000000,1,900.000000000000000,100.000000000000000
u_e,L2,2025-04-10 12:45:00,20250410,124500,2025-04-10 13:45:00,13,2025-04-10,0.555811708333333,2.223246833333333,2.223246833333334,15.000000000000000,900.000000000000000,100.000000000000000,1,900.000000000000000,100.000000000000000
u_e,L3,2025-04-10 12:45:00,20250410,124500,2025-04-10 13:45:00,13,2025-04-10,0.458336497222222,1.833345988888889,1.833345988888889,15.000000000000000,900.000000000000000,100.000000000000000,1,900.000000000000000,100.000000000000000
u_e,ALL,2025-04-10 12:45:00,20250410,124500,2025-04-10 13:45:00,13,2025-04-10,2.812572974999999,11.250291899999997,3.750097300000000,15.000000000000000,900.000000000000000,100.000000000000000,1,900.000000000000000,100.000000000000000
u_e,L1,2025-04-10 13:00:00,20250410,130000,2025-04-10 14:00:00,14,2025-04-10,1.798080627777778,7.192322511111111,7.192322511111111,15.000000000000000,900.000000000000000,100.000000000000000,1,900.000000000000000,100.000000000000000
u_e,L2,2025-04-10 13:00:00,20250410,130000,2025-04-10 14:00:00,14,2025-04-10,0.546829230555555,2.187316922222221,2.187316922222221,15.000000000000000,900.000000000000000,100.000000000000000,1,900.000000000000000,100.000000000000000
u_e,L3,2025-04-10 13:00:00,20250410,130000,2025-04-10 14:00:00,14,2025-04-10,0.469302533333333,1.877210133333334,1.877210133333334,15.000000000000000,900.000000000000000,100.000000000000000,1,900.000000000000000,100.000000000000000
u_e,ALL,2025-04-10 13:00:00,20250410,130000,2025-04-10 14:00:00,14,2025-04-10,2.814212391666667,11.256849566666666,3.752283188888889,15.000000000000000,900.000000000000000,100.000000000000000,1,900.000000000000000,100.000000000000000
u_e,L1,2025-04-10 13:15:00,20250410,131500,2025-04-10 14:15:00,14,2025-04-10,1.781849133333334,7.127396533333335,7.127396533333337,15.000000000000000,900.000000000000000,100.000000000000000,1,900.000000000000000,100.000000000000000
u_e,L2,2025-04-10 13:15:00,20250410,131500,2025-04-10 14:15:00,14,2025-04-10,0.537406733333333,2.149626933333334,2.149626933333334,15.000000000000000,900.000000000000000,100.000000000000000,1,900.000000000000000,100.000000000000000
u_e,L3,2025-04-10 13:15:00,20250410,131500,2025-04-10 14:15:00,14,2025-04-10,0.458001327777778,1.832005311111111,1.832005311111111,15.000000000000000,900.000000000000000,100.000000000000000,1,900.000000000000000,100.000000000000000
u_e,ALL,2025-04-10 13:15:00,20250410,131500,2025-04-10 14:15:00,14,2025-04-10,2.777257194444445,11.109028777777780,3.703009592592593,15.000000000000000,900.000000000000000,100.000000000000000,1,900.000000000000000,100.000000000000000
u_e,L1,2025-04-10 13:30:00,20250410,133000,2025-04-10 14:30:00,14,2025-04-10,1.788850469444445,7.155401877777780,7.155401877777781,15.000000000000000,900.000000000000000,100.000000000000000,1,900.000000000000000,100.000000000000000
u_e,L2,2025-04-10 13:30:00,20250410,133000,2025-04-10 14:30:00,14,2025-04-10,0.543422230555556,2.173688922222223,2.173688922222222,15.000000000000000,900.000000000000000,100.000000000000000,1,900.000000000000000,100.000000000000000
u_e,L3,2025-04-10 13:30:00,20250410,133000,2025-04-10 14:30:00,14,2025-04-10,0.458116413888889,1.832465655555556,1.832465655555556,15.000000000000000,900.000000000000000,100.000000000000000,1,900.000000000000000,100.000000000000000
u_e,ALL,2025-04-10 13:30:00,20250410,133000,2025-04-10 14:30:00,14,2025-04-10,2.790389113888890,11.161556455555559,3.720518818518519,15.000000000000000,900.000000000000000,100.000000000000000,1,900.000000000000000,100.000000000000000
u_e,L1,2025-04-10 13:45:00,20250410,134500,2025-04-10 14:45:00,14,2025-04-10,1.778654194444445,7.114616777777782,7.114616777777778,15.000000000000000,900.000000000000000,100.000000000000000,1,900.000000000000000,100.000000000000000
u_e,L2,2025-04-10 13:45:00,20250410,134500,2025-04-10 14:45:00,14,2025-04-10,0.541932291666667,2.167729166666667,2.167729166666667,15.000000000000000,900.000000000000000,100.000000000000000,1,900.000000000000000,100.000000000000000
u_e,L3,2025-04-10 13:45:00,20250410,134500,2025-04-10 14:45:00,14,2025-04-10,0.457175286111111,1.828701144444444,1.828701144444445,15.000000000000000,900.000000000000000,100.000000000000000,1,900.000000000000000,100.000000000000000
u_e,ALL,2025-04-10 13:45:00,20250410,134500,2025-04-10 14:45:00,14,2025-04-10,2.777761772222223,11.111047088888892,3.703682362962963,15.000000000000000,900.000000000000000,100.000000000000000,1,900.000000000000000,100.000000000000000
u_e,L1,2025-04-10 14:00:00,20250410,140000,2025-04-10 15:00:00,15,2025-04-10,1.784142400000001,7.136569600000002,7.136569600000001,15.000000000000000,900.000000000000000,100.000000000000000,1,900.000000000000000,100.000000000000000
u_e,L2,2025-04-10 14:00:00,20250410,140000,2025-04-10 15:00:00,15,2025-04-10,0.547602355555555,2.190409422222222,2.190409422222223,15.000000000000000,900.000000000000000,100.000000000000000,1,900.000000000000000,100.000000000000000
u_e,L3,2025-04-10 14:00:00,20250410,140000,2025-04-10 15:00:00,15,2025-04-10,0.455149311111111,1.820597244444445,1.820597244444444,15.000000000000000,900.000000000000000,100.000000000000000,1,900.000000000000000,100.000000000000000
u_e,ALL,2025-04-10 14:00:00,20250410,140000,2025-04-10 15:00:00,15,2025-04-10,2.786894066666667,11.147576266666668,3.715858755555556,15.000000000000000,900.000000000000000,100.000000000000000,1,900.000000000000000,100.000000000000000
u_e,L1,2025-04-10 14:15:00,20250410,141500,2025-04-10 15:15:00,15,2025-04-10,1.757014038888889,7.028056155555556,7.028056155555555,15.000000000000000,900.000000000000000,100.000000000000000,1,900.000000000000000,100.000000000000000
u_e,L2,2025-04-10 14:15:00,20250410,141500,2025-04-10 15:15:00,15,2025-04-10,0.536855252777778,2.147421011111110,2.147421011111112,15.000000000000000,900.000000000000000,100.000000000000000,1,900.000000000000000,100.000000000000000
u_e,L3,2025-04-10 14:15:00,20250410,141500,2025-04-10 15:15:00,15,2025-04-10,0.447347522222222,1.789390088888889,1.789390088888889,15.000000000000000,900.000000000000000,100.000000000000000,1,900.000000000000000,100.000000000000000
u_e,ALL,2025-04-10 14:15:00,20250410,141500,2025-04-10 15:15:00,15,2025-04-10,2.741216813888889,10.964867255555555,3.654955751851851,15.000000000000000,900.000000000000000,100.000000000000000,1,900.000000000000000,100.000000000000000
u_e,L1,2025-04-10 14:30:00,20250410,143000,2025-04-10 15:30:00,15,2025-04-10,1.774158105555556,7.096632422222223,7.096632422222222,15.000000000000000,900.000000000000000,100.000000000000000,1,900.000000000000000,100.000000000000000
u_e,L2,2025-04-10 14:30:00,20250410,143000,2025-04-10 15:30:00,15,2025-04-10,0.546169491666667,2.184677966666666,2.184677966666668,15.000000000000000,900.000000000000000,100.000000000000000,1,900.000000000000000,100.000000000000000
u_e,L3,2025-04-10 14:30:00,20250410,143000,2025-04-10 15:30:00,15,2025-04-10,0.446828666666667,1.787314666666667,1.787314666666666,15.000000000000000,900.000000000000000,100.000000000000000,1,900.000000000000000,100.000000000000000
u_e,ALL,2025-04-10 14:30:00,20250410,143000,2025-04-10 15:30:00,15,2025-04-10,2.767156263888889,11.068625055555557,3.689541685185185,15.000000000000000,900.000000000000000,100.000000000000000,1,900.000000000000000,100.000000000000000
u_e,L1,2025-04-10 14:45:00,20250410,144500,2025-04-10 15:45:00,15,2025-04-10,1.778342411111111,7.113369644444446,7.113369644444444,15.000000000000000,900.000000000000000,100.000000000000000,1,900.000000000000000,100.000000000000000
u_e,L2,2025-04-10 14:45:00,20250410,144500,2025-04-10 15:45:00,15,2025-04-10,0.531266186111111,2.125064744444444,2.125064744444443,15.000000000000000,900.000000000000000,100.000000000000000,1,900.000000000000000,100.000000000000000
u_e,L3,2025-04-10 14:45:00,20250410,144500,2025-04-10 15:45:00,15,2025-04-10,0.447082813888889,1.788331255555555,1.788331255555555,15.000000000000000,900.000000000000000,100.000000000000000,1,900.000000000000000,100.000000000000000
u_e,ALL,2025-04-10 14:45:00,20250410,144500,2025-04-10 15:45:00,15,2025-04-10,2.756691411111111,11.026765644444446,3.675588548148147,15.000000000000000,900.000000000000000,100.000000000000000,1,900.000000000000000,100.000000000000000
u_e,L1,2025-04-10 15:00:00,20250410,150000,2025-04-10 16:00:00,16,2025-04-10,1.774498183333334,7.097992733333337,7.097992733333334,15.000000000000000,900.000000000000000,100.000000000000000,1,900.000000000000000,100.000000000000000
u_e,L2,2025-04-10 15:00:00,20250410,150000,2025-04-10 16:00:00,16,2025-04-10,0.534922988888889,2.139691955555555,2.139691955555555,15.000000000000000,900.000000000000000,100.000000000000000,1,900.000000000000000,100.000000000000000
u_e,L3,2025-04-10 15:00:00,20250410,150000,2025-04-10 16:00:00,16,2025-04-10,0.444443216666667,1.777772866666667,1.777772866666667,15.000000000000000,900.000000000000000,100.000000000000000,1,900.000000000000000,100.000000000000000
u_e,ALL,2025-04-10 15:00:00,20250410,150000,2025-04-10 16:00:00,16,2025-04-10,2.753864388888890,11.015457555555558,3.671819185185185,15.000000000000000,900.000000000000000,100.000000000000000,1,900.000000000000000,100.000000000000000
u_e,L1,2025-04-10 15:15:00,20250410,151500,2025-04-10 16:15:00,16,2025-04-10,1.762069119444444,7.048276477777777,7.048276477777776,15.000000000000000,900.000000000000000,100.000000000000000,1,900.000000000000000,100.000000000000000
u_e,L2,2025-04-10 15:15:00,20250410,151500,2025-04-10 16:15:00,16,2025-04-10,0.535806652777778,2.143226611111111,2.143226611111111,15.000000000000000,900.000000000000000,100.000000000000000,1,900.000000000000000,100.000000000000000
u_e,L3,2025-04-10 15:15:00,20250410,151500,2025-04-10 16:15:00,16,2025-04-10,0.443586633333333,1.774346533333334,1.774346533333333,15.000000000000000,900.000000000000000,100.000000000000000,1,900.000000000000000,100.000000000000000
u_e,ALL,2025-04-10 15:15:00,20250410,151500,2025-04-10 16:15:00,16,2025-04-10,2.741462405555556,10.965849622222223,3.655283207407407,15.000000000000000,900.000000000000000,100.000000000000000,1,900.000000000000000,100.000000000000000
u_e,L1,2025-04-10 15:30:00,20250410,153000,2025-04-10 16:30:00,16,2025-04-10,1.765262036111111,7.061048144444444,7.061048144444444,15.000000000000000,900.000000000000000,100.000000000000000,1,900.000000000000000,100.000000000000000
u_e,L2,2025-04-10 15:30:00,20250410,153000,2025-04-10 16:30:00,16,2025-04-10,0.534461472222222,2.137845888888890,2.137845888888889,15.000000000000000,900.000000000000000,100.000000000000000,1,900.000000000000000,100.000000000000000
u_e,L3,2025-04-10 15:30:00,20250410,153000,2025-04-10 16:30:00,16,2025-04-10,0.443374911111111,1.773499644444444,1.773499644444445,15.000000000000000,900.000000000000000,100.000000000000000,1,900.000000000000000,100.000000000000000
u_e,ALL,2025-04-10 15:30:00,20250410,153000,2025-04-10 16:30:00,16,2025-04-10,2.743098419444444,10.972393677777777,3.657464559259259,15.000000000000000,900.000000000000000,100.000000000000000,1,900.000000000000000,100.000000000000000
u_e,L1,2025-04-10 15:45:00,20250410,154500,2025-04-10 16:45:00,16,2025-04-10,1.768927805555556,7.075711222222225,7.075711222222222,15.000000000000000,900.000000000000000,100.000000000000000,1,900.000000000000000,100.000000000000000
u_e,L2,2025-04-10 15:45:00,20250410,154500,2025-04-10 16:45:00,16,2025-04-10,0.537365527777778,2.149462111111111,2.149462111111111,15.000000000000000,900.000000000000000,100.000000000000000,1,900.000000000000000,100.000000000000000
u_e,L3,2025-04-10 15:45:00,20250410,154500,2025-04-10 16:45:00,16,2025-04-10,0.442285883333333,1.769143533333333,1.769143533333334,15.000000000000000,900.000000000000000,100.000000000000000,1,900.000000000000000,100.000000000000000
u_e,ALL,2025-04-10 15:45:00,20250410,154500,2025-04-10 16:45:00,16,2025-04-10,2.748579216666667,10.994316866666669,3.664772288888889,15.000000000000000,900.000000000000000,100.000000000000000,1,900.000000000000000,100.000000000000000
u_e,L1,2025-04-10 16:00:00,20250410,160000,2025-04-10 17:00:00,17,2025-04-10,1.765869883333334,7.063479533333335,7.063479533333335,15.000000000000000,900.000000000000000,100.000000000000000,1,900.000000000000000,100.000000000000000
u_e,L2,2025-04-10 16:00:00,20250410,160000,2025-04-10 17:00:00,17,2025-04-10,0.540185672222222,2.160742688888889,2.160742688888889,15.000000000000000,900.000000000000000,100.000000000000000,1,900.000000000000000,100.000000000000000
u_e,L3,2025-04-10 16:00:00,20250410,160000,2025-04-10 17:00:00,17,2025-04-10,0.441231744444444,1.764926977777777,1.764926977777778,15.000000000000000,900.000000000000000,100.000000000000000,1,900.000000000000000,100.000000000000000
u_e,ALL,2025-04-10 16:00:00,20250410,160000,2025-04-10 17:00:00,17,2025-04-10,2.747287300000000,10.989149200000000,3.663049733333334,15.000000000000000,900.000000000000000,100.000000000000000,1,900.000000000000000,100.000000000000000
u_e,L1,2025-04-10 16:15:00,20250410,161500,2025-04-10 17:15:00,17,2025-04-10,1.756616183333334,7.026464733333334,7.026464733333334,15.000000000000000,900.000000000000000,100.000000000000000,1,900.000000000000000,100.000000000000000
u_e,L2,2025-04-10 16:15:00,20250410,161500,2025-04-10 17:15:00,17,2025-04-10,0.541011227777778,2.164044911111111,2.164044911111112,15.000000000000000,900.000000000000000,100.000000000000000,1,900.000000000000000,100.000000000000000
u_e,L3,2025-04-10 16:15:00,20250410,161500,2025-04-10 17:15:00,17,2025-04-10,0.438185138888889,1.752740555555555,1.752740555555555,15.000000000000000,900.000000000000000,100.000000000000000,1,900.000000000000000,100.000000000000000
u_e,ALL,2025-04-10 16:15:00,20250410,161500,2025-04-10 17:15:00,17,2025-04-10,2.735812550000000,10.943250200000000,3.647750066666667,15.000000000000000,900.000000000000000,100.000000000000000,1,900.000000000000000,100.000000000000000
u_e,L1,2025-04-10 16:30:00,20250410,163000,2025-04-10 17:30:00,17,2025-04-10,1.772512302777778,7.090049211111113,7.090049211111108,15.000000000000000,900.000000000000000,100.000000000000000,1,900.000000000000000,100.000000000000000
u_e,L2,2025-04-10 16:30:00,20250410,163000,2025-04-10 17:30:00,17,2025-04-10,0.541430488888889,2.165721955555555,2.165721955555556,15.000000000000000,900.000000000000000,100.000000000000000,1,900.000000000000000,100.000000000000000
u_e,L3,2025-04-10 16:30:00,20250410,163000,2025-04-10 17:30:00,17,2025-04-10,0.437716872222222,1.750867488888889,1.750867488888889,15.000000000000000,900.000000000000000,100.000000000000000,1,900.000000000000000,100.000000000000000
u_e,ALL,2025-04-10 16:30:00,20250410,163000,2025-04-10 17:30:00,17,2025-04-10,2.751659663888889,11.006638655555557,3.668879551851851,15.000000000000000,900.000000000000000,100.000000000000000,1,900.000000000000000,100.000000000000000
u_e,L1,2025-04-10 16:45:00,20250410,164500,2025-04-10 17:45:00,17,2025-04-10,1.758940138888889,7.035760555555557,7.035760555555552,15.000000000000000,900.000000000000000,100.000000000000000,1,900.000000000000000,100.000000000000000
u_e,L2,2025-04-10 16:45:00,20250410,164500,2025-04-10 17:45:00,17,2025-04-10,0.542601369444444,2.170405477777778,2.170405477777777,15.000000000000000,900.000000000000000,100.000000000000000,1,900.000000000000000,100.000000000000000
u_e,L3,2025-04-10 16:45:00,20250410,164500,2025-04-10 17:45:00,17,2025-04-10,0.437514758333333,1.750059033333333,1.750059033333334,15.000000000000000,900.000000000000000,100.000000000000000,1,900.000000000000000,100.000000000000000
u_e,ALL,2025-04-10 16:45:00,20250410,164500,2025-04-10 17:45:00,17,2025-04-10,2.739056266666667,10.956225066666669,3.652075022222221,15.000000000000000,900.000000000000000,100.000000000000000,1,900.000000000000000,100.000000000000000
u_e,L1,2025-04-10 17:00:00,20250410,170000,2025-04-10 18:00:00,18,2025-04-10,1.761896594444445,7.047586377777780,7.047586377777780,15.000000000000000,900.000000000000000,100.000000000000000,1,900.000000000000000,100.000000000000000
u_e,L2,2025-04-10 17:00:00,20250410,170000,2025-04-10 18:00:00,18,2025-04-10,0.544081811111111,2.176327244444445,2.176327244444445,15.000000000000000,900.000000000000000,100.000000000000000,1,900.000000000000000,100.000000000000000
u_e,L3,2025-04-10 17:00:00,20250410,170000,2025-04-10 18:00:00,18,2025-04-10,0.439165005555555,1.756660022222222,1.756660022222222,15.000000000000000,900.000000000000000,100.000000000000000,1,900.000000000000000,100.000000000000000
u_e,ALL,2025-04-10 17:00:00,20250410,170000,2025-04-10 18:00:00,18,2025-04-10,2.745143411111112,10.980573644444448,3.660191214814815,15.000000000000000,900.000000000000000,100.000000000000000,1,900.000000000000000,100.000000000000000
u_e,L1,2025-04-10 17:15:00,20250410,171500,2025-04-10 18:15:00,18,2025-04-10,1.754132927777778,7.016531711111110,7.016531711111114,15.000000000000000,900.000000000000000,100.000000000000000,1,900.000000000000000,100.000000000000000
u_e,L2,2025-04-10 17:15:00,20250410,171500,2025-04-10 18:15:00,18,2025-04-10,0.662057950000000,2.648231800000000,2.648231800000000,15.000000000000000,900.000000000000000,100.000000000000000,1,900.000000000000000,100.000000000000000
u_e,L3,2025-04-10 17:15:00,20250410,171500,2025-04-10 18:15:00,18,2025-04-10,0.455234572222222,1.820938288888889,1.820938288888889,15.000000000000000,900.000000000000000,100.000000000000000,1,900.000000000000000,100.000000000000000
u_e,ALL,2025-04-10 17:15:00,20250410,171500,2025-04-10 18:15:00,18,2025-04-10,2.871425450000000,11.485701799999999,3.828567266666668,15.000000000000000,900.000000000000000,100.000000000000000,1,900.000000000000000,100.000000000000000
u_e,L1,2025-04-10 17:30:00,20250410,173000,2025-04-10 18:30:00,18,2025-04-10,1.755117622222223,7.020470488888891,7.020470488888888,15.000000000000000,900.000000000000000,100.000000000000000,1,900.000000000000000,100.000000000000000
u_e,L2,2025-04-10 17:30:00,20250410,173000,2025-04-10 18:30:00,18,2025-04-10,0.722583825000000,2.890335300000001,2.890335300000000,15.000000000000000,900.000000000000000,100.000000000000000,1,900.000000000000000,100.000000000000000
u_e,L3,2025-04-10 17:30:00,20250410,173000,2025-04-10 18:30:00,18,2025-04-10,0.440501119444444,1.762004477777778,1.762004477777779,15.000000000000000,900.000000000000000,100.000000000000000,1,900.000000000000000,100.000000000000000
u_e,ALL,2025-04-10 17:30:00,20250410,173000,2025-04-10 18:30:00,18,2025-04-10,2.918202566666667,11.672810266666669,3.890936755555555,15.000000000000000,900.000000000000000,100.000000000000000,1,900.000000000000000,100.000000000000000
u_e,L1,2025-04-10 17:45:00,20250410,174500,2025-04-10 18:45:00,18,2025-04-10,1.746744044444444,6.986976177777777,6.986976177777778,15.000000000000000,900.000000000000000,100.000000000000000,1,900.000000000000000,100.000000000000000
u_e,L2,2025-04-10 17:45:00,20250410,174500,2025-04-10 18:45:00,18,2025-04-10,0.544153800000000,2.176615199999999,2.176615200000001,15.000000000000000,900.000000000000000,100.000000000000000,1,900.000000000000000,100.000000000000000
u_e,L3,2025-04-10 17:45:00,20250410,174500,2025-04-10 18:45:00,18,2025-04-10,0.441147763888889,1.764591055555556,1.764591055555554,15.000000000000000,900.000000000000000,100.000000000000000,1,900.000000000000000,100.000000000000000
u_e,ALL,2025-04-10 17:45:00,20250410,174500,2025-04-10 18:45:00,18,2025-04-10,2.732045608333333,10.928182433333332,3.642727477777778,15.000000000000000,900.000000000000000,100.000000000000000,1,900.000000000000000,100.000000000000000
u_e,L1,2025-04-10 18:00:00,20250410,180000,2025-04-10 19:00:00,19,2025-04-10,1.757899783333333,7.031599133333332,7.031599133333335,15.000000000000000,900.000000000000000,100.000000000000000,1,900.000000000000000,100.000000000000000
u_e,L2,2025-04-10 18:00:00,20250410,180000,2025-04-10 19:00:00,19,2025-04-10,0.547784116666667,2.191136466666667,2.191136466666666,15.000000000000000,900.000000000000000,100.000000000000000,1,900.000000000000000,100.000000000000000
u_e,L3,2025-04-10 18:00:00,20250410,180000,2025-04-10 19:00:00,19,2025-04-10,0.439344913888889,1.757379655555556,1.757379655555556,15.000000000000000,900.000000000000000,100.000000000000000,1,900.000000000000000,100.000000000000000
u_e,ALL,2025-04-10 18:00:00,20250410,180000,2025-04-10 19:00:00,19,2025-04-10,2.745028813888889,10.980115255555555,3.660038418518520,15.000000000000000,900.000000000000000,100.000000000000000,1,900.000000000000000,100.000000000000000
u_e,L1,2025-04-10 18:15:00,20250410,181500,2025-04-10 19:15:00,19,2025-04-10,1.758199347222221,7.032797388888886,7.032797388888890,15.000000000000000,900.000000000000000,100.000000000000000,1,900.000000000000000,100.000000000000000
u_e,L2,2025-04-10 18:15:00,20250410,181500,2025-04-10 19:15:00,19,2025-04-10,0.571433455555556,2.285733822222223,2.285733822222223,15.000000000000000,900.000000000000000,100.000000000000000,1,900.000000000000000,100.000000000000000
u_e,L3,2025-04-10 18:15:00,20250410,181500,2025-04-10 19:15:00,19,2025-04-10,0.472057883333333,1.888231533333333,1.888231533333333,15.000000000000000,900.000000000000000,100.000000000000000,1,900.000000000000000,100.000000000000000
u_e,ALL,2025-04-10 18:15:00,20250410,181500,2025-04-10 19:15:00,19,2025-04-10,2.801690686111110,11.206762744444442,3.735587581481481,15.000000000000000,900.000000000000000,100.000000000000000,1,900.000000000000000,100.000000000000000
u_e,L1,2025-04-10 18:30:00,20250410,183000,2025-04-10 19:30:00,19,2025-04-10,1.757460658333333,7.029842633333332,7.029842633333335,15.000000000000000,900.000000000000000,100.000000000000000,1,900.000000000000000,100.000000000000000
u_e,L2,2025-04-10 18:30:00,20250410,183000,2025-04-10 19:30:00,19,2025-04-10,0.657326961111111,2.629307844444444,2.629307844444444,15.000000000000000,900.000000000000000,100.000000000000000,1,900.000000000000000,100.000000000000000
u_e,L3,2025-04-10 18:30:00,20250410,183000,2025-04-10 19:30:00,19,2025-04-10,0.572154327777778,2.288617311111111,2.288617311111111,15.000000000000000,900.000000000000000,100.000000000000000,1,900.000000000000000,100.000000000000000
u_e,ALL,2025-04-10 18:30:00,20250410,183000,2025-04-10 19:30:00,19,2025-04-10,2.986941947222222,11.947767788888889,3.982589262962963,15.000000000000000,900.000000000000000,100.000000000000000,1,900.000000000000000,100.000000000000000
u_e,L1,2025-04-10 18:45:00,20250410,184500,2025-04-10 19:45:00,19,2025-04-10,1.781183633333333,7.124734533333333,7.124734533333336,15.000000000000000,900.000000000000000,100.000000000000000,1,900.000000000000000,100.000000000000000
u_e,L2,2025-04-10 18:45:00,20250410,184500,2025-04-10 19:45:00,19,2025-04-10,0.657019372222222,2.628077488888889,2.628077488888888,15.000000000000000,900.000000000000000,100.000000000000000,1,900.000000000000000,100.000000000000000
u_e,L3,2025-04-10 18:45:00,20250410,184500,2025-04-10 19:45:00,19,2025-04-10,0.569398358333333,2.277593433333334,2.277593433333334,15.000000000000000,900.000000000000000,100.000000000000000,1,900.000000000000000,100.000000000000000
u_e,ALL,2025-04-10 18:45:00,20250410,184500,2025-04-10 19:45:00,19,2025-04-10,3.007601363888889,12.030405455555556,4.010135151851853,15.000000000000000,900.000000000000000,100.000000000000000,1,900.000000000000000,100.000000000000000
u_e,L1,2025-04-10 19:00:00,20250410,190000,2025-04-10 20:00:00,20,2025-04-10,1.775700227777778,7.102800911111111,7.102800911111114,15.000000000000000,900.000000000000000,100.000000000000000,1,900.000000000000000,100.000000000000000
u_e,L2,2025-04-10 19:00:00,20250410,190000,2025-04-10 20:00:00,20,2025-04-10,0.656498672222222,2.625994688888888,2.625994688888888,15.000000000000000,900.000000000000000,100.000000000000000,1,900.000000000000000,100.000000000000000
u_e,L3,2025-04-10 19:00:00,20250410,190000,2025-04-10 20:00:00,20,2025-04-10,0.572765697222222,2.291062788888889,2.291062788888890,15.000000000000000,900.000000000000000,100.000000000000000,1,900.000000000000000,100.000000000000000
u_e,ALL,2025-04-10 19:00:00,20250410,190000,2025-04-10 20:00:00,20,2025-04-10,3.004964597222222,12.019858388888888,4.006619462962965,15.000000000000000,900.000000000000000,100.000000000000000,1,900.000000000000000,100.000000000000000
u_e,L1,2025-04-10 19:15:00,20250410,191500,2025-04-10 20:15:00,20,2025-04-10,1.792755175000000,7.171020700000000,7.171020700000000,15.000000000000000,900.000000000000000,100.000000000000000,1,900.000000000000000,100.000000000000000
u_e,L2,2025-04-10 19:15:00,20250410,191500,2025-04-10 20:15:00,20,2025-04-10,0.656912247222222,2.627648988888889,2.627648988888889,15.000000000000000,900.000000000000000,100.000000000000000,1,900.000000000000000,100.000000000000000
u_e,L3,2025-04-10 19:15:00,20250410,191500,2025-04-10 20:15:00,20,2025-04-10,0.574874097222222,2.299496388888889,2.299496388888890,15.000000000000000,900.000000000000000,100.000000000000000,1,900.000000000000000,100.000000000000000
u_e,ALL,2025-04-10 19:15:00,20250410,191500,2025-04-10 20:15:00,20,2025-04-10,3.024541519444444,12.098166077777778,4.032722025925926,15.000000000000000,900.000000000000000,100.000000000000000,1,900.000000000000000,100.000000000000000
u_e,L1,2025-04-10 19:30:00,20250410,193000,2025-04-10 20:30:00,20,2025-04-10,1.802791191666667,7.211164766666667,7.211164766666670,15.000000000000000,900.000000000000000,100.000000000000000,1,900.000000000000000,100.000000000000000
u_e,L2,2025-04-10 19:30:00,20250410,193000,2025-04-10 20:30:00,20,2025-04-10,0.654863216666666,2.619452866666666,2.619452866666665,15.000000000000000,900.000000000000000,100.000000000000000,1,900.000000000000000,100.000000000000000
u_e,L3,2025-04-10 19:30:00,20250410,193000,2025-04-10 20:30:00,20,2025-04-10,0.578379591666667,2.313518366666667,2.313518366666667,15.000000000000000,900.000000000000000,100.000000000000000,1,900.000000000000000,100.000000000000000
u_e,ALL,2025-04-10 19:30:00,20250410,193000,2025-04-10 20:30:00,20,2025-04-10,3.036034000000000,12.144136000000000,4.048045333333334,15.000000000000000,900.000000000000000,100.000000000000000,1,900.000000000000000,100.000000000000000
u_e,L1,2025-04-10 19:45:00,20250410,194500,2025-04-10 20:45:00,20,2025-04-10,1.803714497222222,7.214857988888887,7.214857988888888,15.000000000000000,900.000000000000000,100.000000000000000,1,900.000000000000000,100.000000000000000
u_e,L2,2025-04-10 19:45:00,20250410,194500,2025-04-10 20:45:00,20,2025-04-10,0.656823783333333,2.627295133333334,2.627295133333332,15.000000000000000,900.000000000000000,100.000000000000000,1,900.000000000000000,100.000000000000000
u_e,L3,2025-04-10 19:45:00,20250410,194500,2025-04-10 20:45:00,20,2025-04-10,0.576448277777778,2.305793111111110,2.305793111111111,15.000000000000000,900.000000000000000,100.000000000000000,1,900.000000000000000,100.000000000000000
u_e,ALL,2025-04-10 19:45:00,20250410,194500,2025-04-10 20:45:00,20,2025-04-10,3.036986558333333,12.147946233333331,4.049315411111110,15.000000000000000,900.000000000000000,100.000000000000000,1,900.000000000000000,100.000000000000000
u_e,L1,2025-04-10 20:00:00,20250410,200000,2025-04-10 21:00:00,21,2025-04-10,1.813603827777778,7.254415311111110,7.254415311111108,15.000000000000000,900.000000000000000,100.000000000000000,1,900.000000000000000,100.000000000000000
u_e,L2,2025-04-10 20:00:00,20250410,200000,2025-04-10 21:00:00,21,2025-04-10,0.654147277777778,2.616589111111112,2.616589111111111,15.000000000000000,900.000000000000000,100.000000000000000,1,900.000000000000000,100.000000000000000
u_e,L3,2025-04-10 20:00:00,20250410,200000,2025-04-10 21:00:00,21,2025-04-10,0.576350341666667,2.305401366666666,2.305401366666667,15.000000000000000,900.000000000000000,100.000000000000000,1,900.000000000000000,100.000000000000000
u_e,ALL,2025-04-10 20:00:00,20250410,200000,2025-04-10 21:00:00,21,2025-04-10,3.044101447222222,12.176405788888889,4.058801929629629,15.000000000000000,900.000000000000000,100.000000000000000,1,900.000000000000000,100.000000000000000
u_e,L1,2025-04-10 20:15:00,20250410,201500,2025-04-10 21:15:00,21,2025-04-10,1.826063216666666,7.304252866666665,7.304252866666666,15.000000000000000,900.000000000000000,100.000000000000000,1,900.000000000000000,100.000000000000000
u_e,L2,2025-04-10 20:15:00,20250410,201500,2025-04-10 21:15:00,21,2025-04-10,0.656336733333334,2.625346933333335,2.625346933333333,15.000000000000000,900.000000000000000,100.000000000000000,1,900.000000000000000,100.000000000000000
u_e,L3,2025-04-10 20:15:00,20250410,201500,2025-04-10 21:15:00,21,2025-04-10,0.577415694444445,2.309662777777778,2.309662777777779,15.000000000000000,900.000000000000000,100.000000000000000,1,900.000000000000000,100.000000000000000
u_e,ALL,2025-04-10 20:15:00,20250410,201500,2025-04-10 21:15:00,21,2025-04-10,3.059815644444444,12.239262577777776,4.079754192592592,15.000000000000000,900.000000000000000,100.000000000000000,1,900.000000000000000,100.000000000000000
u_e,L1,2025-04-10 20:30:00,20250410,203000,2025-04-10 21:30:00,21,2025-04-10,1.796438880555556,7.185755522222222,7.185755522222222,15.000000000000000,900.000000000000000,100.000000000000000,1,900.000000000000000,100.000000000000000
u_e,L2,2025-04-10 20:30:00,20250410,203000,2025-04-10 21:30:00,21,2025-04-10,0.727364561111111,2.909458244444444,2.909458244444444,15.000000000000000,900.000000000000000,100.000000000000000,1,900.000000000000000,100.000000000000000
u_e,L3,2025-04-10 20:30:00,20250410,203000,2025-04-10 21:30:00,21,2025-04-10,0.578327477777778,2.313309911111111,2.313309911111111,15.000000000000000,900.000000000000000,100.000000000000000,1,900.000000000000000,100.000000000000000
u_e,ALL,2025-04-10 20:30:00,20250410,203000,2025-04-10 21:30:00,21,2025-04-10,3.102130919444444,12.408523677777778,4.136174559259259,15.000000000000000,900.000000000000000,100.000000000000000,1,900.000000000000000,100.000000000000000
u_e,L1,2025-04-10 20:45:00,20250410,204500,2025-04-10 21:45:00,21,2025-04-10,1.806313641666667,7.225254566666669,7.225254566666669,15.000000000000000,900.000000000000000,100.000000000000000,1,900.000000000000000,100.000000000000000
u_e,L2,2025-04-10 20:45:00,20250410,204500,2025-04-10 21:45:00,21,2025-04-10,0.653219663888889,2.612878655555555,2.612878655555557,15.000000000000000,900.000000000000000,100.000000000000000,1,900.000000000000000,100.000000000000000
u_e,L3,2025-04-10 20:45:00,20250410,204500,2025-04-10 21:45:00,21,2025-04-10,0.577103536111111,2.308414144444444,2.308414144444444,15.000000000000000,900.000000000000000,100.000000000000000,1,900.000000000000000,100.000000000000000
u_e,ALL,2025-04-10 20:45:00,20250410,204500,2025-04-10 21:45:00,21,2025-04-10,3.036636841666667,12.146547366666669,4.048849122222223,15.000000000000000,900.000000000000000,100.000000000000000,1,900.000000000000000,100.000000000000000
u_e,L1,2025-04-10 21:00:00,20250410,210000,2025-04-10 22:00:00,22,2025-04-10,1.790630933333333,7.162523733333331,7.162523733333331,15.000000000000000,900.000000000000000,100.000000000000000,1,900.000000000000000,100.000000000000000
u_e,L2,2025-04-10 21:00:00,20250410,210000,2025-04-10 22:00:00,22,2025-04-10,0.652217444444444,2.608869777777778,2.608869777777778,15.000000000000000,900.000000000000000,100.000000000000000,1,900.000000000000000,100.000000000000000
u_e,L3,2025-04-10 21:00:00,20250410,210000,2025-04-10 22:00:00,22,2025-04-10,0.575053747222222,2.300214988888889,2.300214988888889,15.000000000000000,900.000000000000000,100.000000000000000,1,900.000000000000000,100.000000000000000
u_e,ALL,2025-04-10 21:00:00,20250410,210000,2025-04-10 22:00:00,22,2025-04-10,3.017902124999999,12.071608499999996,4.023869499999999,15.000000000000000,900.000000000000000,100.000000000000000,1,900.000000000000000,100.000000000000000
u_e,L1,2025-04-10 21:15:00,20250410,211500,2025-04-10 22:15:00,22,2025-04-10,1.775389733333333,7.101558933333334,7.101558933333330,15.000000000000000,900.000000000000000,100.000000000000000,1,900.000000000000000,100.000000000000000
u_e,L2,2025-04-10 21:15:00,20250410,211500,2025-04-10 22:15:00,22,2025-04-10,0.649287566666667,2.597150266666667,2.597150266666668,15.000000000000000,900.000000000000000,100.000000000000000,1,900.000000000000000,100.000000000000000
u_e,L3,2025-04-10 21:15:00,20250410,211500,2025-04-10 22:15:00,22,2025-04-10,0.574585525000000,2.298342099999999,2.298342100000000,15.000000000000000,900.000000000000000,100.000000000000000,1,900.000000000000000,100.000000000000000
u_e,ALL,2025-04-10 21:15:00,20250410,211500,2025-04-10 22:15:00,22,2025-04-10,2.999262825000000,11.997051300000001,3.999017099999999,15.000000000000000,900.000000000000000,100.000000000000000,1,900.000000000000000,100.000000000000000
u_e,L1,2025-04-10 21:30:00,20250410,213000,2025-04-10 22:30:00,22,2025-04-10,1.776219952777777,7.104879811111108,7.104879811111114,15.000000000000000,900.000000000000000,100.000000000000000,1,900.000000000000000,100.000000000000000
u_e,L2,2025-04-10 21:30:00,20250410,213000,2025-04-10 22:30:00,22,2025-04-10,0.651663936111111,2.606655744444446,2.606655744444446,15.000000000000000,900.000000000000000,100.000000000000000,1,900.000000000000000,100.000000000000000
u_e,L3,2025-04-10 21:30:00,20250410,213000,2025-04-10 22:30:00,22,2025-04-10,0.575706705555555,2.302826822222221,2.302826822222223,15.000000000000000,900.000000000000000,100.000000000000000,1,900.000000000000000,100.000000000000000
u_e,ALL,2025-04-10 21:30:00,20250410,213000,2025-04-10 22:30:00,22,2025-04-10,3.003590594444444,12.014362377777775,4.004787459259260,15.000000000000000,900.000000000000000,100.000000000000000,1,900.000000000000000,100.000000000000000
u_e,L1,2025-04-10 21:45:00,20250410,214500,2025-04-10 22:45:00,22,2025-04-10,1.786492994444444,7.145971977777776,7.145971977777775,15.000000000000000,900.000000000000000,100.000000000000000,1,900.000000000000000,100.000000000000000
u_e,L2,2025-04-10 21:45:00,20250410,214500,2025-04-10 22:45:00,22,2025-04-10,0.650311766666667,2.601247066666667,2.601247066666667,15.000000000000000,900.000000000000000,100.000000000000000,1,900.000000000000000,100.000000000000000
u_e,L3,2025-04-10 21:45:00,20250410,214500,2025-04-10 22:45:00,22,2025-04-10,0.576539491666666,2.306157966666665,2.306157966666667,15.000000000000000,900.000000000000000,100.000000000000000,1,900.000000000000000,100.000000000000000
u_e,ALL,2025-04-10 21:45:00,20250410,214500,2025-04-10 22:45:00,22,2025-04-10,3.013344252777777,12.053377011111108,4.017792337037037,15.000000000000000,900.000000000000000,100.000000000000000,1,900.000000000000000,100.000000000000000
u_e,L1,2025-04-10 22:00:00,20250410,220000,2025-04-10 23:00:00,23,2025-04-10,1.794335144444445,7.177340577777779,7.177340577777779,15.000000000000000,900.000000000000000,100.000000000000000,1,900.000000000000000,100.000000000000000
u_e,L2,2025-04-10 22:00:00,20250410,220000,2025-04-10 23:00:00,23,2025-04-10,0.648552975000000,2.594211899999999,2.594211900000000,15.000000000000000,900.000000000000000,100.000000000000000,1,900.000000000000000,100.000000000000000
u_e,L3,2025-04-10 22:00:00,20250410,220000,2025-04-10 23:00:00,23,2025-04-10,0.576587186111111,2.306348744444445,2.306348744444445,15.000000000000000,900.000000000000000,100.000000000000000,1,900.000000000000000,100.000000000000000
u_e,ALL,2025-04-10 22:00:00,20250410,220000,2025-04-10 23:00:00,23,2025-04-10,3.019475305555556,12.077901222222224,4.025967074074075,15.000000000000000,900.000000000000000,100.000000000000000,1,900.000000000000000,100.000000000000000
u_e,L1,2025-04-10 22:15:00,20250410,221500,2025-04-10 23:15:00,23,2025-04-10,1.590611158333333,6.362444633333332,6.362444633333334,15.000000000000000,900.000000000000000,100.000000000000000,1,900.000000000000000,100.000000000000000
u_e,L2,2025-04-10 22:15:00,20250410,221500,2025-04-10 23:15:00,23,2025-04-10,0.466358380555556,1.865433522222222,1.865433522222222,15.000000000000000,900.000000000000000,100.000000000000000,1,900.000000000000000,100.000000000000000
u_e,L3,2025-04-10 22:15:00,20250410,221500,2025-04-10 23:15:00,23,2025-04-10,0.389403469444444,1.557613877777777,1.557613877777777,15.000000000000000,900.000000000000000,100.000000000000000,1,900.000000000000000,100.000000000000000
u_e,ALL,2025-04-10 22:15:00,20250410,221500,2025-04-10 23:15:00,23,2025-04-10,2.446373008333333,9.785492033333330,3.261830677777778,15.000000000000000,900.000000000000000,100.000000000000000,1,900.000000000000000,100.000000000000000
u_e,L1,2025-04-10 22:30:00,20250410,223000,2025-04-10 23:30:00,23,2025-04-10,0.287921488888889,1.151685955555556,1.151685955555556,15.000000000000000,900.000000000000000,100.000000000000000,1,900.000000000000000,100.000000000000000
u_e,L2,2025-04-10 22:30:00,20250410,223000,2025-04-10 23:30:00,23,2025-04-10,0.204994250000000,0.819977000000000,0.819977000000000,15.000000000000000,900.000000000000000,100.000000000000000,1,900.000000000000000,100.000000000000000
u_e,L3,2025-04-10 22:30:00,20250410,223000,2025-04-10 23:30:00,23,2025-04-10,0.270883841666667,1.083535366666666,1.083535366666667,15.000000000000000,900.000000000000000,100.000000000000000,1,900.000000000000000,100.000000000000000
u_e,ALL,2025-04-10 22:30:00,20250410,223000,2025-04-10 23:30:00,23,2025-04-10,0.763799580555555,3.055198322222221,1.018399440740741,15.000000000000000,900.000000000000000,100.000000000000000,1,900.000000000000000,100.000000000000000
u_e,L1,2025-04-10 22:45:00,20250410,224500,2025-04-10 23:45:00,23,2025-04-10,0.087040530555556,0.348162122222222,0.348162122222222,15.000000000000000,900.000000000000000,100.000000000000000,1,900.000000000000000,100.000000000000000
u_e,L2,2025-04-10 22:45:00,20250410,224500,2025-04-10 23:45:00,23,2025-04-10,0.159795330555556,0.639181322222222,0.639181322222222,15.000000000000000,900.000000000000000,100.000000000000000,1,900.000000000000000,100.000000000000000
u_e,L3,2025-04-10 22:45:00,20250410,224500,2025-04-10 23:45:00,23,2025-04-10,0.258036894444444,1.032147577777777,1.032147577777778,15.000000000000000,900.000000000000000,100.000000000000000,1,900.000000000000000,100.000000000000000
u_e,ALL,2025-04-10 22:45:00,20250410,224500,2025-04-10 23:45:00,23,2025-04-10,0.504872755555555,2.019491022222222,0.673163674074074,15.000000000000000,900.000000000000000,100.000000000000000,1,900.000000000000000,100.000000000000000
u_e,L1,2025-04-10 23:00:00,20250410,230000,2025-04-11 00:00:00,0,2025-04-11,0.087083155555556,0.348332622222222,0.348332622222222,15.000000000000000,900.000000000000000,100.000000000000000,1,900.000000000000000,100.000000000000000
u_e,L2,2025-04-10 23:00:00,20250410,230000,2025-04-11 00:00:00,0,2025-04-11,0.159836902777778,0.639347611111111,0.639347611111111,15.000000000000000,900.000000000000000,100.000000000000000,1,900.000000000000000,100.000000000000000
u_e,L3,2025-04-10 23:00:00,20250410,230000,2025-04-11 00:00:00,0,2025-04-11,0.258068255555556,1.032273022222222,1.032273022222223,15.000000000000000,900.000000000000000,100.000000000000000,1,900.000000000000000,100.000000000000000
u_e,ALL,2025-04-10 23:00:00,20250410,230000,2025-04-11 00:00:00,0,2025-04-11,0.504988313888889,2.019953255555555,0.673317751851852,15.000000000000000,900.000000000000000,100.000000000000000,1,900.000000000000000,100.000000000000000
u_e,L1,2025-04-10 23:15:00,20250410,231500,2025-04-11 00:15:00,0,2025-04-11,0.087005508333333,0.348022033333333,0.348022033333334,15.000000000000000,900.000000000000000,100.000000000000000,1,900.000000000000000,100.000000000000000
u_e,L2,2025-04-10 23:15:00,20250410,231500,2025-04-11 00:15:00,0,2025-04-11,0.159720672222222,0.638882688888889,0.638882688888889,15.000000000000000,900.000000000000000,100.000000000000000,1,900.000000000000000,100.000000000000000
u_e,L3,2025-04-10 23:15:00,20250410,231500,2025-04-11 00:15:00,0,2025-04-11,0.257984375000000,1.031937500000000,1.031937500000000,15.000000000000000,900.000000000000000,100.000000000000000,1,900.000000000000000,100.000000000000000
u_e,ALL,2025-04-10 23:15:00,20250410,231500,2025-04-11 00:15:00,0,2025-04-11,0.504710555555555,2.018842222222222,0.672947407407407,15.000000000000000,900.000000000000000,100.000000000000000,1,900.000000000000000,100.000000000000000
u_e,L1,2025-04-10 23:30:00,20250410,233000,2025-04-11 00:30:00,0,2025-04-11,0.087096141666667,0.348384566666667,0.348384566666667,15.000000000000000,900.000000000000000,100.000000000000000,1,900.000000000000000,100.000000000000000
u_e,L2,2025-04-10 23:30:00,20250410,233000,2025-04-11 00:30:00,0,2025-04-11,0.159638613888889,0.638554455555555,0.638554455555555,15.000000000000000,900.000000000000000,100.000000000000000,1,900.000000000000000,100.000000000000000
u_e,L3,2025-04-10 23:30:00,20250410,233000,2025-04-11 00:30:00,0,2025-04-11,0.257987327777778,1.031949311111111,1.031949311111111,15.000000000000000,900.000000000000000,100.000000000000000,1,900.000000000000000,100.000000000000000
u_e,ALL,2025-04-10 23:30:00,20250410,233000,2025-04-11 00:30:00,0,2025-04-11,0.504722083333333,2.018888333333333,0.672962777777778,15.000000000000000,900.000000000000000,100.000000000000000,1,900.000000000000000,100.000000000000000
u_e,L1,2025-04-10 23:45:00,20250410,234500,2025-04-11 00:45:00,0,2025-04-11,0.087006605555556,0.348026422222222,0.348026422222222,15.000000000000000,900.000000000000000,100.000000000000000,1,900.000000000000000,100.000000000000000
u_e,L2,2025-04-10 23:45:00,20250410,234500,2025-04-11 00:45:00,0,2025-04-11,0.159405502777778,0.637622011111111,0.637622011111111,15.000000000000000,900.000000000000000,100.000000000000000,1,900.000000000000000,100.000000000000000
u_e,L3,2025-04-10 23:45:00,20250410,234500,2025-04-11 00:45:00,0,2025-04-11,0.257881608333333,1.031526433333334,1.031526433333333,15.000000000000000,900.000000000000000,100.000000000000000,1,900.000000000000000,100.000000000000000
u_e,ALL,2025-04-10 23:45:00,20250410,234500,2025-04-11 00:45:00,0,2025-04-11,0.504293716666667,2.017174866666667,0.672391622222222,15.000000000000000,900.000000000000000,100.000000000000000,1,900.000000000000000,100.000000000000000
