AssetId,Phase,window_start_utc,DateKeyUtc,TimeKeyUtc,WindowStartLocal,HourLocal,DateLocal,Energy_kWh_15m,Demand_kW,AvgPower_kW_15m,Minutes,SecondsObserved,DataCoveragePct,IsReliableWindow,SecondsReliable,ReliableCoveragePct
p_k,L1,2025-02-21 00:00:00,20250221,0,2025-02-21 00:00:00,0,2025-02-21,0.000000000000000,0.000000000000000,NaN,3.370000000000000,202.000000000000000,22.444444444444443,0,0.000000000000000,0.000000000000000
p_k,L2,2025-02-21 00:00:00,20250221,0,2025-02-21 00:00:00,0,2025-02-21,0.527959267500000,2.111837070000000,9.551021924623113,3.370000000000000,202.000000000000000,22.444444444444443,0,199.000000000000000,22.111111111111111
p_k,L3,2025-02-21 00:00:00,20250221,0,2025-02-21 00:00:00,0,2025-02-21,0.490349340833333,1.961397363333333,8.870641341708545,3.370000000000000,202.000000000000000,22.444444444444443,0,199.000000000000000,22.111111111111111
p_k,ALL,2025-02-21 00:00:00,20250221,0,2025-02-21 00:00:00,0,2025-02-21,1.018308608333333,4.073234433333333,9.210831633165828,10.100000000000000,606.000000000000000,67.333333333333329,0,398.000000000000000,44.222222222222221
p_k,L1,2025-02-21 00:15:00,20250221,1500,2025-02-21 00:15:00,0,2025-02-21,0.000000000000000,0.000000000000000,NaN,15.000000000000000,900.000000000000000,100.000000000000000,0,0.000000000000000,0.000000000000000
p_k,L2,2025-02-21 00:15:00,20250221,1500,2025-02-21 00:15:00,0,2025-02-21,3.010354763333331,12.041419053333325,12.041419053333332,15.000000000000000,900.000000000000000,100.000000000000000,1,900.000000000000000,100.000000000000000
p_k,L3,2025-02-21 00:15:00,20250221,1500,2025-02-21 00:15:00,0,2025-02-21,1.917406404444445,7.669625617777779,7.669625617777785,15.000000000000000,900.000000000000000,100.000000000000000,1,900.000000000000000,100.000000000000000
p_k,ALL,2025-02-21 00:15:00,20250221,1500,2025-02-21 00:15:00,0,2025-02-21,4.927761167777776,19.711044671111104,9.855522335555559,15.000000000000000,900.000000000000000,100.000000000000000,1,900.000000000000000,100.000000000000000
p_k,L1,2025-02-21 00:30:00,20250221,3000,2025-02-21 00:30:00,0,2025-02-21,0.000000000000000,0.000000000000000,NaN,15.000000000000000,900.000000000000000,100.000000000000000,0,0.000000000000000,0.000000000000000
p_k,L2,2025-02-21 00:30:00,20250221,3000,2025-02-21 00:30:00,0,2025-02-21,3.463281427222224,13.853125708888896,13.853125708888888,15.000000000000000,900.000000000000000,100.000000000000000,1,900.000000000000000,100.000000000000000
p_k,L3,2025-02-21 00:30:00,20250221,3000,2025-02-21 00:30:00,0,2025-02-21,1.905395108000000,7.621580432000001,7.621580432000009,15.000000000000000,900.000000000000000,100.000000000000000,1,900.000000000000000,100.000000000000000
p_k,ALL,2025-02-21 00:30:00,20250221,3000,2025-02-21 00:30:00,0,2025-02-21,5.368676535222225,21.474706140888898,10.737353070444447,15.000000000000000,900.000000000000000,100.000000000000000,1,900.000000000000000,100.000000000000000
p_k,L1,2025-02-21 00:45:00,20250221,4500,2025-02-21 00:45:00,0,2025-02-21,0.000000000000000,0.000000000000000,NaN,15.000000000000000,900.000000000000000,100.000000000000000,0,0.000000000000000,0.000000000000000
p_k,L2,2025-02-21 00:45:00,20250221,4500,2025-02-21 00:45:00,0,2025-02-21,3.325922829166668,13.303691316666672,13.303691316666663,15.000000000000000,900.000000000000000,100.000000000000000,1,900.000000000000000,100.000000000000000
p_k,L3,2025-02-21 00:45:00,20250221,4500,2025-02-21 00:45:00,0,2025-02-21,1.940916453694445,7.763665814777780,7.763665814777779,15.000000000000000,900.000000000000000,100.000000000000000,1,900.000000000000000,100.000000000000000
p_k,ALL,2025-02-21 00:45:00,20250221,4500,2025-02-21 00:45:00,0,2025-02-21,5.266839282861113,21.067357131444453,10.533678565722221,15.000000000000000,900.000000000000000,100.000000000000000,1,900.000000000000000,100.000000000000000
p_k,L1,2025-02-21 01:00:00,20250221,10000,2025-02-21 01:00:00,1,2025-02-21,0.000000000000000,0.000000000000000,NaN,15.000000000000000,900.000000000000000,100.000000000000000,0,0.000000000000000,0.000000000000000
p_k,L2,2025-02-21 01:00:00,20250221,10000,2025-02-21 01:00:00,1,2025-02-21,3.567736756944442,14.270947027777769,14.270947027777789,15.000000000000000,900.000000000000000,100.000000000000000,1,900.000000000000000,100.000000000000000
p_k,L3,2025-02-21 01:00:00,20250221,10000,2025-02-21 01:00:00,1,2025-02-21,1.856373650683334,7.425494602733338,7.450329032842809,15.000000000000000,900.000000000000000,100.000000000000000,1,897.000000000000000,99.666666666666671
p_k,ALL,2025-02-21 01:00:00,20250221,10000,2025-02-21 01:00:00,1,2025-02-21,5.424110407627777,21.696441630511107,10.866331367534785,15.000000000000000,900.000000000000000,100.000000000000000,1,900.000000000000000,100.000000000000000
p_k,L1,2025-02-21 01:15:00,20250221,11500,2025-02-21 01:15:00,1,2025-02-21,0.000000000000000,0.000000000000000,NaN,15.000000000000000,900.000000000000000,100.000000000000000,0,0.000000000000000,0.000000000000000
p_k,L2,2025-02-21 01:15:00,20250221,11500,2025-02-21 01:15:00,1,2025-02-21,3.515695086666669,14.062780346666674,14.062780346666656,15.000000000000000,900.000000000000000,100.000000000000000,1,900.000000000000000,100.000000000000000
p_k,L3,2025-02-21 01:15:00,20250221,11500,2025-02-21 01:15:00,1,2025-02-21,1.901141735944445,7.604566943777779,7.604566943777771,15.000000000000000,900.000000000000000,100.000000000000000,1,900.000000000000000,100.000000000000000
p_k,ALL,2025-02-21 01:15:00,20250221,11500,2025-02-21 01:15:00,1,2025-02-21,5.416836822611113,21.667347290444454,10.833673645222213,15.000000000000000,900.000000000000000,100.000000000000000,1,900.000000000000000,100.000000000000000
p_k,L1,2025-02-21 01:30:00,20250221,13000,2025-02-21 01:30:00,1,2025-02-21,0.000000000000000,0.000000000000000,NaN,15.000000000000000,900.000000000000000,100.000000000000000,0,0.000000000000000,0.000000000000000
p_k,L2,2025-02-21 01:30:00,20250221,13000,2025-02-21 01:30:00,1,2025-02-21,3.887847346388890,15.551389385555561,15.551389385555558,15.000000000000000,900.000000000000000,100.000000000000000,1,900.000000000000000,100.000000000000000
p_k,L3,2025-02-21 01:30:00,20250221,13000,2025-02-21 01:30:00,1,2025-02-21,1.780873622388889,7.123494489555556,7.123494489555557,15.000000000000000,900.000000000000000,100.000000000000000,1,900.000000000000000,100.000000000000000
p_k,ALL,2025-02-21 01:30:00,20250221,13000,2025-02-21 01:30:00,1,2025-02-21,5.668720968777779,22.674883875111117,11.337441937555557,15.000000000000000,900.000000000000000,100.000000000000000,1,900.000000000000000,100.000000000000000
p_k,L1,2025-02-21 01:45:00,20250221,14500,2025-02-21 01:45:00,1,2025-02-21,0.000000000000000,0.000000000000000,NaN,15.000000000000000,900.000000000000000,100.000000000000000,0,0.000000000000000,0.000000000000000
p_k,L2,2025-02-21 01:45:00,20250221,14500,2025-02-21 01:45:00,1,2025-02-21,2.987462978333333,11.949851913333333,11.949851913333324,15.000000000000000,900.000000000000000,100.000000000000000,1,900.000000000000000,100.000000000000000
p_k,L3,2025-02-21 01:45:00,20250221,14500,2025-02-21 01:45:00,1,2025-02-21,1.990618087500001,7.962472350000002,7.962472350000003,15.000000000000000,900.000000000000000,100.000000000000000,1,900.000000000000000,100.000000000000000
p_k,ALL,2025-02-21 01:45:00,20250221,14500,2025-02-21 01:45:00,1,2025-02-21,4.978081065833334,19.912324263333335,9.956162131666662,15.000000000000000,900.000000000000000,100.000000000000000,1,900.000000000000000,100.000000000000000
p_k,L1,2025-02-21 02:00:00,20250221,20000,2025-02-21 02:00:00,2,2025-02-21,0.000000000000000,0.000000000000000,NaN,15.000000000000000,900.000000000000000,100.000000000000000,0,0.000000000000000,0.000000000000000
p_k,L2,2025-02-21 02:00:00,20250221,20000,2025-02-21 02:00:00,2,2025-02-21,2.916606180000003,11.666424720000011,11.666424720000004,15.000000000000000,900.000000000000000,100.000000000000000,1,900.000000000000000,100.000000000000000
p_k,L3,2025-02-21 02:00:00,20250221,20000,2025-02-21 02:00:00,2,2025-02-21,2.070792392777779,8.283169571111115,8.283169571111111,15.000000000000000,900.000000000000000,100.000000000000000,1,900.000000000000000,100.000000000000000
p_k,ALL,2025-02-21 02:00:00,20250221,20000,2025-02-21 02:00:00,2,2025-02-21,4.987398572777781,19.949594291111126,9.974797145555558,15.000000000000000,900.000000000000000,100.000000000000000,1,900.000000000000000,100.000000000000000
p_k,L1,2025-02-21 02:15:00,20250221,21500,2025-02-21 02:15:00,2,2025-02-21,0.000000000000000,0.000000000000000,NaN,15.000000000000000,900.000000000000000,100.000000000000000,0,0.000000000000000,0.000000000000000
p_k,L2,2025-02-21 02:15:00,20250221,21500,2025-02-21 02:15:00,2,2025-02-21,3.255549629166666,13.022198516666665,13.022198516666665,15.000000000000000,900.000000000000000,100.000000000000000,1,900.000000000000000,100.000000000000000
p_k,L3,2025-02-21 02:15:00,20250221,21500,2025-02-21 02:15:00,2,2025-02-21,1.920312656388889,7.681250625555558,7.706940426978823,15.000000000000000,900.000000000000000,100.000000000000000,1,897.000000000000000,99.666666666666671
p_k,ALL,2025-02-21 02:15:00,20250221,21500,2025-02-21 02:15:00,2,2025-02-21,5.175862285555556,20.703449142222222,10.369006248191432,15.000000000000000,900.000000000000000,100.000000000000000,1,900.000000000000000,100.000000000000000
p_k,L1,2025-02-21 02:30:00,20250221,23000,2025-02-21 02:30:00,2,2025-02-21,0.000000000000000,0.000000000000000,NaN,15.000000000000000,900.000000000000000,100.000000000000000,0,0.000000000000000,0.000000000000000
p_k,L2,2025-02-21 02:30:00,20250221,23000,2025-02-21 02:30:00,2,2025-02-21,3.483747508611112,13.934990034444448,13.934990034444446,15.000000000000000,900.000000000000000,100.000000000000000,1,900.000000000000000,100.000000000000000
p_k,L3,2025-02-21 02:30:00,20250221,23000,2025-02-21 02:30:00,2,2025-02-21,2.003457038333334,8.013828153333337,8.040630254180604,15.000000000000000,900.000000000000000,100.000000000000000,1,897.000000000000000,99.666666666666671
p_k,ALL,2025-02-21 02:30:00,20250221,23000,2025-02-21 02:30:00,2,2025-02-21,5.487204546944446,21.948818187777785,10.992730311074014,15.000000000000000,900.000000000000000,100.000000000000000,1,900.000000000000000,100.000000000000000
p_k,L1,2025-02-21 02:45:00,20250221,24500,2025-02-21 02:45:00,2,2025-02-21,0.000000000000000,0.000000000000000,NaN,15.000000000000000,900.000000000000000,100.000000000000000,0,0.000000000000000,0.000000000000000
p_k,L2,2025-02-21 02:45:00,20250221,24500,2025-02-21 02:45:00,2,2025-02-21,3.494410570277777,13.977642281111109,13.977642281111116,15.000000000000000,900.000000000000000,100.000000000000000,1,900.000000000000000,100.000000000000000
p_k,L3,2025-02-21 02:45:00,20250221,24500,2025-02-21 02:45:00,2,2025-02-21,1.970334138888888,7.881336555555550,7.907695540691196,15.000000000000000,900.000000000000000,100.000000000000000,1,897.000000000000000,99.666666666666671
p_k,ALL,2025-02-21 02:45:00,20250221,24500,2025-02-21 02:45:00,2,2025-02-21,5.464744709166665,21.858978836666658,10.947735644407350,15.000000000000000,900.000000000000000,100.000000000000000,1,900.000000000000000,100.000000000000000
p_k,L1,2025-02-21 03:00:00,20250221,30000,2025-02-21 03:00:00,3,2025-02-21,0.000000000000000,0.000000000000000,NaN,15.000000000000000,900.000000000000000,100.000000000000000,0,0.000000000000000,0.000000000000000
p_k,L2,2025-02-21 03:00:00,20250221,30000,2025-02-21 03:00:00,3,2025-02-21,3.531851035555557,14.127404142222229,14.127404142222204,15.000000000000000,900.000000000000000,100.000000000000000,1,900.000000000000000,100.000000000000000
p_k,L3,2025-02-21 03:00:00,20250221,30000,2025-02-21 03:00:00,3,2025-02-21,1.988423905527778,7.953695622111112,7.980296610813826,15.000000000000000,900.000000000000000,100.000000000000000,1,897.000000000000000,99.666666666666671
p_k,ALL,2025-02-21 03:00:00,20250221,30000,2025-02-21 03:00:00,3,2025-02-21,5.520274941083335,22.081099764333342,11.058981518030041,15.000000000000000,900.000000000000000,100.000000000000000,1,900.000000000000000,100.000000000000000
p_k,L1,2025-02-21 03:15:00,20250221,31500,2025-02-21 03:15:00,3,2025-02-21,0.000000000000000,0.000000000000000,NaN,15.000000000000000,900.000000000000000,100.000000000000000,0,0.000000000000000,0.000000000000000
p_k,L2,2025-02-21 03:15:00,20250221,31500,2025-02-21 03:15:00,3,2025-02-21,3.294341134444443,13.177364537777773,13.177364537777775,15.000000000000000,900.000000000000000,100.000000000000000,1,900.000000000000000,100.000000000000000
p_k,L3,2025-02-21 03:15:00,20250221,31500,2025-02-21 03:15:00,3,2025-02-21,2.054907979361112,8.219631917444449,8.219631917444438,15.000000000000000,900.000000000000000,100.000000000000000,1,900.000000000000000,100.000000000000000
p_k,ALL,2025-02-21 03:15:00,20250221,31500,2025-02-21 03:15:00,3,2025-02-21,5.349249113805556,21.396996455222222,10.698498227611108,15.000000000000000,900.000000000000000,100.000000000000000,1,900.000000000000000,100.000000000000000
p_k,L1,2025-02-21 03:30:00,20250221,33000,2025-02-21 03:30:00,3,2025-02-21,0.000000000000000,0.000000000000000,NaN,15.000000000000000,900.000000000000000,100.000000000000000,0,0.000000000000000,0.000000000000000
p_k,L2,2025-02-21 03:30:00,20250221,33000,2025-02-21 03:30:00,3,2025-02-21,3.717076626388892,14.868306505555568,14.868306505555545,15.000000000000000,900.000000000000000,100.000000000000000,1,900.000000000000000,100.000000000000000
p_k,L3,2025-02-21 03:30:00,20250221,33000,2025-02-21 03:30:00,3,2025-02-21,1.850444384472223,7.401777537888891,7.401777537888886,15.000000000000000,900.000000000000000,100.000000000000000,1,900.000000000000000,100.000000000000000
p_k,ALL,2025-02-21 03:30:00,20250221,33000,2025-02-21 03:30:00,3,2025-02-21,5.567521010861115,22.270084043444459,11.135042021722215,15.000000000000000,900.000000000000000,100.000000000000000,1,900.000000000000000,100.000000000000000
p_k,L1,2025-02-21 03:45:00,20250221,34500,2025-02-21 03:45:00,3,2025-02-21,0.000000000000000,0.000000000000000,NaN,15.000000000000000,900.000000000000000,100.000000000000000,0,0.000000000000000,0.000000000000000
p_k,L2,2025-02-21 03:45:00,20250221,34500,2025-02-21 03:45:00,3,2025-02-21,3.290674431111111,13.162697724444444,13.162697724444447,15.000000000000000,900.000000000000000,100.000000000000000,1,900.000000000000000,100.000000000000000
p_k,L3,2025-02-21 03:45:00,20250221,34500,2025-02-21 03:45:00,3,2025-02-21,2.027165415666666,8.108661662666663,8.108661662666668,15.000000000000000,900.000000000000000,100.000000000000000,1,900.000000000000000,100.000000000000000
p_k,ALL,2025-02-21 03:45:00,20250221,34500,2025-02-21 03:45:00,3,2025-02-21,5.317839846777776,21.271359387111104,10.635679693555558,15.000000000000000,900.000000000000000,100.000000000000000,1,900.000000000000000,100.000000000000000
p_k,L1,2025-02-21 04:00:00,20250221,40000,2025-02-21 04:00:00,4,2025-02-21,0.000000000000000,0.000000000000000,NaN,15.000000000000000,900.000000000000000,100.000000000000000,0,0.000000000000000,0.000000000000000
p_k,L2,2025-02-21 04:00:00,20250221,40000,2025-02-21 04:00:00,4,2025-02-21,3.515279912500000,14.061119649999998,14.061119649999997,15.000000000000000,900.000000000000000,100.000000000000000,1,900.000000000000000,100.000000000000000
p_k,L3,2025-02-21 04:00:00,20250221,40000,2025-02-21 04:00:00,4,2025-02-21,1.963973210361111,7.855892841444443,7.882166730546264,15.000000000000000,900.000000000000000,100.000000000000000,1,897.000000000000000,99.666666666666671
p_k,ALL,2025-02-21 04:00:00,20250221,40000,2025-02-21 04:00:00,4,2025-02-21,5.479253122861111,21.917012491444442,10.976800913912072,15.000000000000000,900.000000000000000,100.000000000000000,1,900.000000000000000,100.000000000000000
p_k,L1,2025-02-21 04:15:00,20250221,41500,2025-02-21 04:15:00,4,2025-02-21,0.000000000000000,0.000000000000000,NaN,15.000000000000000,900.000000000000000,100.000000000000000,0,0.000000000000000,0.000000000000000
p_k,L2,2025-02-21 04:15:00,20250221,41500,2025-02-21 04:15:00,4,2025-02-21,3.469369743611113,13.877478974444450,13.877478974444449,15.000000000000000,900.000000000000000,100.000000000000000,1,900.000000000000000,100.000000000000000
p_k,L3,2025-02-21 04:15:00,20250221,41500,2025-02-21 04:15:00,4,2025-02-21,1.986362955944446,7.945451823777782,7.945451823777781,15.000000000000000,900.000000000000000,100.000000000000000,1,900.000000000000000,100.000000000000000
p_k,ALL,2025-02-21 04:15:00,20250221,41500,2025-02-21 04:15:00,4,2025-02-21,5.455732699555558,21.822930798222231,10.911465399111115,15.000000000000000,900.000000000000000,100.000000000000000,1,900.000000000000000,100.000000000000000
p_k,L1,2025-02-21 04:30:00,20250221,43000,2025-02-21 04:30:00,4,2025-02-21,0.000000000000000,0.000000000000000,NaN,15.000000000000000,900.000000000000000,100.000000000000000,0,0.000000000000000,0.000000000000000
p_k,L2,2025-02-21 04:30:00,20250221,43000,2025-02-21 04:30:00,4,2025-02-21,3.263660191666665,13.054640766666658,13.054640766666662,15.000000000000000,900.000000000000000,100.000000000000000,1,900.000000000000000,100.000000000000000
p_k,L3,2025-02-21 04:30:00,20250221,43000,2025-02-21 04:30:00,4,2025-02-21,2.041427130361110,8.165708521444438,8.165708521444445,15.000000000000000,900.000000000000000,100.000000000000000,1,900.000000000000000,100.000000000000000
p_k,ALL,2025-02-21 04:30:00,20250221,43000,2025-02-21 04:30:00,4,2025-02-21,5.305087322027774,21.220349288111095,10.610174644055553,15.000000000000000,900.000000000000000,100.000000000000000,1,900.000000000000000,100.000000000000000
p_k,L1,2025-02-21 04:45:00,20250221,44500,2025-02-21 04:45:00,4,2025-02-21,0.000000000000000,0.000000000000000,NaN,15.000000000000000,900.000000000000000,100.000000000000000,0,0.000000000000000,0.000000000000000
p_k,L2,2025-02-21 04:45:00,20250221,44500,2025-02-21 04:45:00,4,2025-02-21,3.445097401666664,13.780389606666658,13.780389606666665,15.000000000000000,900.000000000000000,100.000000000000000,1,900.000000000000000,100.000000000000000
p_k,L3,2025-02-21 04:45:00,20250221,44500,2025-02-21 04:45:00,4,2025-02-21,2.005242455138889,8.020969820555555,8.047795806577479,15.000000000000000,900.000000000000000,100.000000000000000,1,897.000000000000000,99.666666666666671
p_k,ALL,2025-02-21 04:45:00,20250221,44500,2025-02-21 04:45:00,4,2025-02-21,5.450339856805553,21.801359427222213,10.918877843350026,15.000000000000000,900.000000000000000,100.000000000000000,1,900.000000000000000,100.000000000000000
p_k,L1,2025-02-21 05:00:00,20250221,50000,2025-02-21 05:00:00,5,2025-02-21,0.000000000000000,0.000000000000000,NaN,15.000000000000000,900.000000000000000,100.000000000000000,0,0.000000000000000,0.000000000000000
p_k,L2,2025-02-21 05:00:00,20250221,50000,2025-02-21 05:00:00,5,2025-02-21,3.210411918611110,12.841647674444438,12.841647674444451,15.000000000000000,900.000000000000000,100.000000000000000,1,900.000000000000000,100.000000000000000
p_k,L3,2025-02-21 05:00:00,20250221,50000,2025-02-21 05:00:00,5,2025-02-21,2.107189898333333,8.428759593333334,8.428759593333329,15.000000000000000,900.000000000000000,100.000000000000000,1,900.000000000000000,100.000000000000000
p_k,ALL,2025-02-21 05:00:00,20250221,50000,2025-02-21 05:00:00,5,2025-02-21,5.317601816944443,21.270407267777770,10.635203633888890,15.000000000000000,900.000000000000000,100.000000000000000,1,900.000000000000000,100.000000000000000
p_k,L1,2025-02-21 05:15:00,20250221,51500,2025-02-21 05:15:00,5,2025-02-21,0.000000000000000,0.000000000000000,NaN,15.000000000000000,900.000000000000000,100.000000000000000,0,0.000000000000000,0.000000000000000
p_k,L2,2025-02-21 05:15:00,20250221,51500,2025-02-21 05:15:00,5,2025-02-21,3.479846170277776,13.919384681111103,13.919384681111120,15.000000000000000,900.000000000000000,100.000000000000000,1,900.000000000000000,100.000000000000000
p_k,L3,2025-02-21 05:15:00,20250221,51500,2025-02-21 05:15:00,5,2025-02-21,2.075102493499999,8.300409973999995,8.328170542474917,15.000000000000000,900.000000000000000,100.000000000000000,1,897.000000000000000,99.666666666666671
p_k,ALL,2025-02-21 05:15:00,20250221,51500,2025-02-21 05:15:00,5,2025-02-21,5.554948663777775,22.219794655111098,11.128444735447975,15.000000000000000,900.000000000000000,100.000000000000000,1,900.000000000000000,100.000000000000000
p_k,L1,2025-02-21 05:30:00,20250221,53000,2025-02-21 05:30:00,5,2025-02-21,0.000000000000000,0.000000000000000,NaN,15.000000000000000,900.000000000000000,100.000000000000000,0,0.000000000000000,0.000000000000000
p_k,L2,2025-02-21 05:30:00,20250221,53000,2025-02-21 05:30:00,5,2025-02-21,3.158390945277778,12.633563781111111,12.633563781111116,15.000000000000000,900.000000000000000,100.000000000000000,1,900.000000000000000,100.000000000000000
p_k,L3,2025-02-21 05:30:00,20250221,53000,2025-02-21 05:30:00,5,2025-02-21,2.159669112638889,8.638676450555556,8.638676450555554,15.000000000000000,900.000000000000000,100.000000000000000,1,900.000000000000000,100.000000000000000
p_k,ALL,2025-02-21 05:30:00,20250221,53000,2025-02-21 05:30:00,5,2025-02-21,5.318060057916666,21.272240231666665,10.636120115833336,15.000000000000000,900.000000000000000,100.000000000000000,1,900.000000000000000,100.000000000000000
p_k,L1,2025-02-21 05:45:00,20250221,54500,2025-02-21 05:45:00,5,2025-02-21,0.000000000000000,0.000000000000000,NaN,15.000000000000000,900.000000000000000,100.000000000000000,0,0.000000000000000,0.000000000000000
p_k,L2,2025-02-21 05:45:00,20250221,54500,2025-02-21 05:45:00,5,2025-02-21,3.519221178611108,14.076884714444432,14.076884714444461,15.000000000000000,900.000000000000000,100.000000000000000,1,900.000000000000000,100.000000000000000
p_k,L3,2025-02-21 05:45:00,20250221,54500,2025-02-21 05:45:00,5,2025-02-21,2.038106101833334,8.152424407333337,8.152424407333340,15.000000000000000,900.000000000000000,100.000000000000000,1,900.000000000000000,100.000000000000000
p_k,ALL,2025-02-21 05:45:00,20250221,54500,2025-02-21 05:45:00,5,2025-02-21,5.557327280444442,22.229309121777767,11.114654560888901,15.000000000000000,900.000000000000000,100.000000000000000,1,900.000000000000000,100.000000000000000
p_k,L1,2025-02-21 06:00:00,20250221,60000,2025-02-21 06:00:00,6,2025-02-21,0.000000000000000,0.000000000000000,NaN,15.000000000000000,900.000000000000000,100.000000000000000,0,0.000000000000000,0.000000000000000
p_k,L2,2025-02-21 06:00:00,20250221,60000,2025-02-21 06:00:00,6,2025-02-21,3.280884678055560,13.123538712222238,13.123538712222224,15.000000000000000,900.000000000000000,100.000000000000000,1,900.000000000000000,100.000000000000000
p_k,L3,2025-02-21 06:00:00,20250221,60000,2025-02-21 06:00:00,6,2025-02-21,2.078708591750000,8.314834367000000,8.370638624496646,15.000000000000000,900.000000000000000,100.000000000000000,1,894.000000000000000,99.333333333333329
p_k,ALL,2025-02-21 06:00:00,20250221,60000,2025-02-21 06:00:00,6,2025-02-21,5.359593269805560,21.438373079222238,10.755036661817170,15.000000000000000,900.000000000000000,100.000000000000000,1,900.000000000000000,100.000000000000000
p_k,L1,2025-02-21 06:15:00,20250221,61500,2025-02-21 06:15:00,6,2025-02-21,0.000000000000000,0.000000000000000,NaN,15.000000000000000,900.000000000000000,100.000000000000000,0,0.000000000000000,0.000000000000000
p_k,L2,2025-02-21 06:15:00,20250221,61500,2025-02-21 06:15:00,6,2025-02-21,3.092799433333334,12.371197733333338,12.371197733333341,15.000000000000000,900.000000000000000,100.000000000000000,1,900.000000000000000,100.000000000000000
p_k,L3,2025-02-21 06:15:00,20250221,61500,2025-02-21 06:15:00,6,2025-02-21,2.163560119861111,8.654240479444443,8.654240479444448,15.000000000000000,900.000000000000000,100.000000000000000,1,900.000000000000000,100.000000000000000
p_k,ALL,2025-02-21 06:15:00,20250221,61500,2025-02-21 06:15:00,6,2025-02-21,5.256359553194445,21.025438212777779,10.512719106388897,15.000000000000000,900.000000000000000,100.000000000000000,1,900.000000000000000,100.000000000000000
p_k,L1,2025-02-21 06:30:00,20250221,63000,2025-02-21 06:30:00,6,2025-02-21,0.000000000000000,0.000000000000000,NaN,15.000000000000000,900.000000000000000,100.000000000000000,0,0.000000000000000,0.000000000000000
p_k,L2,2025-02-21 06:30:00,20250221,63000,2025-02-21 06:30:00,6,2025-02-21,3.448412893333332,13.793651573333330,13.793651573333326,15.000000000000000,900.000000000000000,100.000000000000000,1,900.000000000000000,100.000000000000000
p_k,L3,2025-02-21 06:30:00,20250221,63000,2025-02-21 06:30:00,6,2025-02-21,2.046552001055555,8.186208004222220,8.213586626309924,15.000000000000000,900.000000000000000,100.000000000000000,1,897.000000000000000,99.666666666666671
p_k,ALL,2025-02-21 06:30:00,20250221,63000,2025-02-21 06:30:00,6,2025-02-21,5.494964894388888,21.979859577555551,11.008276916972731,15.000000000000000,900.000000000000000,100.000000000000000,1,900.000000000000000,100.000000000000000
p_k,L1,2025-02-21 06:45:00,20250221,64500,2025-02-21 06:45:00,6,2025-02-21,0.000000000000000,0.000000000000000,NaN,15.000000000000000,900.000000000000000,100.000000000000000,0,0.000000000000000,0.000000000000000
p_k,L2,2025-02-21 06:45:00,20250221,64500,2025-02-21 06:45:00,6,2025-02-21,3.355979148055558,13.423916592222231,13.423916592222236,15.000000000000000,900.000000000000000,100.000000000000000,1,900.000000000000000,100.000000000000000
p_k,L3,2025-02-21 06:45:00,20250221,64500,2025-02-21 06:45:00,6,2025-02-21,2.123878206972223,8.495512827888891,8.523925914269796,15.000000000000000,900.000000000000000,100.000000000000000,1,897.000000000000000,99.666666666666671
p_k,ALL,2025-02-21 06:45:00,20250221,64500,2025-02-21 06:45:00,6,2025-02-21,5.479857355027780,21.919429420111122,10.978011395715091,15.000000000000000,900.000000000000000,100.000000000000000,1,900.000000000000000,100.000000000000000
p_k,L1,2025-02-21 07:00:00,20250221,70000,2025-02-21 07:00:00,7,2025-02-21,0.000000000000000,0.000000000000000,NaN,15.000000000000000,900.000000000000000,100.000000000000000,0,0.000000000000000,0.000000000000000
p_k,L2,2025-02-21 07:00:00,20250221,70000,2025-02-21 07:00:00,7,2025-02-21,3.269540997222220,13.078163988888878,13.078163988888893,15.000000000000000,900.000000000000000,100.000000000000000,1,900.000000000000000,100.000000000000000
p_k,L3,2025-02-21 07:00:00,20250221,70000,2025-02-21 07:00:00,7,2025-02-21,2.101606819333334,8.406427277333336,8.406427277333337,15.000000000000000,900.000000000000000,100.000000000000000,1,900.000000000000000,100.000000000000000
p_k,ALL,2025-02-21 07:00:00,20250221,70000,2025-02-21 07:00:00,7,2025-02-21,5.371147816555554,21.484591266222214,10.742295633111114,15.000000000000000,900.000000000000000,100.000000000000000,1,900.000000000000000,100.000000000000000
p_k,L1,2025-02-21 07:15:00,20250221,71500,2025-02-21 07:15:00,7,2025-02-21,0.000000000000000,0.000000000000000,NaN,15.000000000000000,900.000000000000000,100.000000000000000,0,0.000000000000000,0.000000000000000
p_k,L2,2025-02-21 07:15:00,20250221,71500,2025-02-21 07:15:00,7,2025-02-21,3.621667316388888,14.486669265555554,14.486669265555554,15.000000000000000,900.000000000000000,100.000000000000000,1,900.000000000000000,100.000000000000000
p_k,L3,2025-02-21 07:15:00,20250221,71500,2025-02-21 07:15:00,7,2025-02-21,1.993362451611111,7.973449806444443,8.000116862653284,15.000000000000000,900.000000000000000,100.000000000000000,1,897.000000000000000,99.666666666666671
p_k,ALL,2025-02-21 07:15:00,20250221,71500,2025-02-21 07:15:00,7,2025-02-21,5.615029767999999,22.460119071999998,11.248807548580965,15.000000000000000,900.000000000000000,100.000000000000000,1,900.000000000000000,100.000000000000000
p_k,L1,2025-02-21 07:30:00,20250221,73000,2025-02-21 07:30:00,7,2025-02-21,0.000000000000000,0.000000000000000,NaN,15.000000000000000,900.000000000000000,100.000000000000000,0,0.000000000000000,0.000000000000000
p_k,L2,2025-02-21 07:30:00,20250221,73000,2025-02-21 07:30:00,7,2025-02-21,3.231289789166667,12.925159156666668,12.925159156666666,15.000000000000000,900.000000000000000,100.000000000000000,1,900.000000000000000,100.000000000000000
p_k,L3,2025-02-21 07:30:00,20250221,73000,2025-02-21 07:30:00,7,2025-02-21,2.122503092416666,8.490012369666665,8.518407059866218,15.000000000000000,900.000000000000000,100.000000000000000,1,897.000000000000000,99.666666666666671
p_k,ALL,2025-02-21 07:30:00,20250221,73000,2025-02-21 07:30:00,7,2025-02-21,5.353792881583333,21.415171526333332,10.725461532387310,15.000000000000000,900.000000000000000,100.000000000000000,1,900.000000000000000,100.000000000000000
p_k,L1,2025-02-21 07:45:00,20250221,74500,2025-02-21 07:45:00,7,2025-02-21,0.000000000000000,0.000000000000000,NaN,15.000000000000000,900.000000000000000,100.000000000000000,0,0.000000000000000,0.000000000000000
p_k,L2,2025-02-21 07:45:00,20250221,74500,2025-02-21 07:45:00,7,2025-02-21,3.254114072777779,13.016456291111117,13.016456291111121,15.000000000000000,900.000000000000000,100.000000000000000,1,900.000000000000000,100.000000000000000
p_k,L3,2025-02-21 07:45:00,20250221,74500,2025-02-21 07:45:00,7,2025-02-21,2.062674050555555,8.250696202222221,8.250696202222214,15.000000000000000,900.000000000000000,100.000000000000000,1,900.000000000000000,100.000000000000000
p_k,ALL,2025-02-21 07:45:00,20250221,74500,2025-02-21 07:45:00,7,2025-02-21,5.316788123333335,21.267152493333338,10.633576246666667,15.000000000000000,900.000000000000000,100.000000000000000,1,900.000000000000000,100.000000000000000
p_k,L1,2025-02-21 08:00:00,20250221,80000,2025-02-21 08:00:00,8,2025-02-21,0.000000000000000,0.000000000000000,NaN,15.000000000000000,900.000000000000000,100.000000000000000,0,0.000000000000000,0.000000000000000
p_k,L2,2025-02-21 08:00:00,20250221,80000,2025-02-21 08:00:00,8,2025-02-21,2.772359018611111,11.089436074444444,11.089436074444444,15.000000000000000,900.000000000000000,100.000000000000000,1,900.000000000000000,100.000000000000000
p_k,L3,2025-02-21 08:00:00,20250221,80000,2025-02-21 08:00:00,8,2025-02-21,2.226861022500001,8.907444090000002,8.907444090000000,15.000000000000000,900.000000000000000,100.000000000000000,1,900.000000000000000,100.000000000000000
p_k,ALL,2025-02-21 08:00:00,20250221,80000,2025-02-21 08:00:00,8,2025-02-21,4.999220041111112,19.996880164444448,9.998440082222224,15.000000000000000,900.000000000000000,100.000000000000000,1,900.000000000000000,100.000000000000000
p_k,L1,2025-02-21 08:15:00,20250221,81500,2025-02-21 08:15:00,8,2025-02-21,0.000000000000000,0.000000000000000,NaN,15.000000000000000,900.000000000000000,100.000000000000000,0,0.000000000000000,0.000000000000000
p_k,L2,2025-02-21 08:15:00,20250221,81500,2025-02-21 08:15:00,8,2025-02-21,3.046338633055554,12.185354532222217,12.185354532222220,15.000000000000000,900.000000000000000,100.000000000000000,1,900.000000000000000,100.000000000000000
p_k,L3,2025-02-21 08:15:00,20250221,81500,2025-02-21 08:15:00,8,2025-02-21,2.143644483611111,8.574577934444445,8.574577934444445,15.000000000000000,900.000000000000000,100.000000000000000,1,900.000000000000000,100.000000000000000
p_k,ALL,2025-02-21 08:15:00,20250221,81500,2025-02-21 08:15:00,8,2025-02-21,5.189983116666665,20.759932466666662,10.379966233333333,15.000000000000000,900.000000000000000,100.000000000000000,1,900.000000000000000,100.000000000000000
p_k,L1,2025-02-21 08:30:00,20250221,83000,2025-02-21 08:30:00,8,2025-02-21,0.000000000000000,0.000000000000000,NaN,15.000000000000000,900.000000000000000,100.000000000000000,0,0.000000000000000,0.000000000000000
p_k,L2,2025-02-21 08:30:00,20250221,83000,2025-02-21 08:30:00,8,2025-02-21,3.071203048888888,12.284812195555551,12.284812195555563,15.000000000000000,900.000000000000000,100.000000000000000,1,900.000000000000000,100.000000000000000
p_k,L3,2025-02-21 08:30:00,20250221,83000,2025-02-21 08:30:00,8,2025-02-21,2.236824790305554,8.947299161222215,8.977223238684507,15.000000000000000,900.000000000000000,100.000000000000000,1,897.000000000000000,99.666666666666671
p_k,ALL,2025-02-21 08:30:00,20250221,83000,2025-02-21 08:30:00,8,2025-02-21,5.308027839194441,21.232111356777764,10.633778642793551,15.000000000000000,900.000000000000000,100.000000000000000,1,900.000000000000000,100.000000000000000
p_k,L1,2025-02-21 08:45:00,20250221,84500,2025-02-21 08:45:00,8,2025-02-21,0.000000000000000,0.000000000000000,NaN,15.000000000000000,900.000000000000000,100.000000000000000,0,0.000000000000000,0.000000000000000
p_k,L2,2025-02-21 08:45:00,20250221,84500,2025-02-21 08:45:00,8,2025-02-21,3.381960863333332,13.527843453333329,13.527843453333336,15.000000000000000,900.000000000000000,100.000000000000000,1,900.000000000000000,100.000000000000000
p_k,L3,2025-02-21 08:45:00,20250221,84500,2025-02-21 08:45:00,8,2025-02-21,2.123867235722222,8.495468942888888,8.523881882497211,15.000000000000000,900.000000000000000,100.000000000000000,1,897.000000000000000,99.666666666666671
p_k,ALL,2025-02-21 08:45:00,20250221,84500,2025-02-21 08:45:00,8,2025-02-21,5.505828099055554,22.023312396222217,11.030039597440178,15.000000000000000,900.000000000000000,100.000000000000000,1,900.000000000000000,100.000000000000000
p_k,L1,2025-02-21 09:00:00,20250221,90000,2025-02-21 09:00:00,9,2025-02-21,0.000000000000000,0.000000000000000,NaN,15.000000000000000,900.000000000000000,100.000000000000000,0,0.000000000000000,0.000000000000000
p_k,L2,2025-02-21 09:00:00,20250221,90000,2025-02-21 09:00:00,9,2025-02-21,3.326449866666668,13.305799466666674,13.305799466666658,15.000000000000000,900.000000000000000,100.000000000000000,1,900.000000000000000,100.000000000000000
p_k,L3,2025-02-21 09:00:00,20250221,90000,2025-02-21 09:00:00,9,2025-02-21,2.103127577416668,8.412510309666672,8.440645795652170,15.000000000000000,900.000000000000000,100.000000000000000,1,897.000000000000000,99.666666666666671
p_k,ALL,2025-02-21 09:00:00,20250221,90000,2025-02-21 09:00:00,9,2025-02-21,5.429577444083336,21.718309776333346,10.877283694323866,15.000000000000000,900.000000000000000,100.000000000000000,1,900.000000000000000,100.000000000000000
p_k,L1,2025-02-21 09:15:00,20250221,91500,2025-02-21 09:15:00,9,2025-02-21,0.000000000000000,0.000000000000000,NaN,15.000000000000000,900.000000000000000,100.000000000000000,0,0.000000000000000,0.000000000000000
p_k,L2,2025-02-21 09:15:00,20250221,91500,2025-02-21 09:15:00,9,2025-02-21,3.289231351666664,13.156925406666657,13.156925406666671,15.000000000000000,900.000000000000000,100.000000000000000,1,900.000000000000000,100.000000000000000
p_k,L3,2025-02-21 09:15:00,20250221,91500,2025-02-21 09:15:00,9,2025-02-21,2.132652292250001,8.530609169000003,8.530609169000000,15.000000000000000,900.000000000000000,100.000000000000000,1,900.000000000000000,100.000000000000000
p_k,ALL,2025-02-21 09:15:00,20250221,91500,2025-02-21 09:15:00,9,2025-02-21,5.421883643916665,21.687534575666660,10.843767287833336,15.000000000000000,900.000000000000000,100.000000000000000,1,900.000000000000000,100.000000000000000
p_k,L1,2025-02-21 09:30:00,20250221,93000,2025-02-21 09:30:00,9,2025-02-21,0.000020967716667,0.000083870866667,0.025161260000000,15.000000000000000,900.000000000000000,100.000000000000000,0,3.000000000000000,0.333333333333333
p_k,L2,2025-02-21 09:30:00,20250221,93000,2025-02-21 09:30:00,9,2025-02-21,3.971028449791667,15.884113799166668,15.884113799166666,15.000000000000000,900.000000000000000,100.000000000000000,1,900.000000000000000,100.000000000000000
p_k,L3,2025-02-21 09:30:00,20250221,93000,2025-02-21 09:30:00,9,2025-02-21,1.724535946749999,6.898143786999997,6.944440054026847,15.000000000000000,900.000000000000000,100.000000000000000,1,894.000000000000000,99.333333333333329
p_k,ALL,2025-02-21 09:30:00,20250221,93000,2025-02-21 09:30:00,9,2025-02-21,5.695585364258333,22.782341457033333,11.410187708030051,15.000000000000000,900.000000000000000,100.000000000000000,1,900.000000000000000,100.000000000000000
p_k,L1,2025-02-21 09:45:00,20250221,94500,2025-02-21 09:45:00,9,2025-02-21,0.000000000000000,0.000000000000000,NaN,15.000000000000000,900.000000000000000,100.000000000000000,0,0.000000000000000,0.000000000000000
p_k,L2,2025-02-21 09:45:00,20250221,94500,2025-02-21 09:45:00,9,2025-02-21,3.027579863333334,12.110319453333336,12.110319453333334,15.000000000000000,900.000000000000000,100.000000000000000,1,900.000000000000000,100.000000000000000
p_k,L3,2025-02-21 09:45:00,20250221,94500,2025-02-21 09:45:00,9,2025-02-21,2.106920972174998,8.427683888699992,8.455870122441473,15.000000000000000,900.000000000000000,100.000000000000000,1,897.000000000000000,99.666666666666671
p_k,ALL,2025-02-21 09:45:00,20250221,94500,2025-02-21 09:45:00,9,2025-02-21,5.134500835508332,20.538003342033328,10.286145246427379,15.000000000000000,900.000000000000000,100.000000000000000,1,900.000000000000000,100.000000000000000
p_k,L1,2025-02-21 10:00:00,20250221,100000,2025-02-21 10:00:00,10,2025-02-21,0.000000000000000,0.000000000000000,NaN,15.000000000000000,900.000000000000000,100.000000000000000,0,0.000000000000000,0.000000000000000
p_k,L2,2025-02-21 10:00:00,20250221,100000,2025-02-21 10:00:00,10,2025-02-21,3.288076382500000,13.152305530000001,13.152305530000007,15.000000000000000,900.000000000000000,100.000000000000000,1,900.000000000000000,100.000000000000000
p_k,L3,2025-02-21 10:00:00,20250221,100000,2025-02-21 10:00:00,10,2025-02-21,1.968382330683334,7.873529322733335,7.899862196722404,15.000000000000000,900.000000000000000,100.000000000000000,1,897.000000000000000,99.666666666666671
p_k,ALL,2025-02-21 10:00:00,20250221,100000,2025-02-21 10:00:00,10,2025-02-21,5.256458713183334,21.025834852733336,10.530468206711186,15.000000000000000,900.000000000000000,100.000000000000000,1,900.000000000000000,100.000000000000000
p_k,L1,2025-02-21 10:15:00,20250221,101500,2025-02-21 10:15:00,10,2025-02-21,0.000000000000000,0.000000000000000,NaN,15.000000000000000,900.000000000000000,100.000000000000000,0,0.000000000000000,0.000000000000000
p_k,L2,2025-02-21 10:15:00,20250221,101500,2025-02-21 10:15:00,10,2025-02-21,3.339784534166666,13.359138136666663,13.359138136666669,15.000000000000000,900.000000000000000,100.000000000000000,1,900.000000000000000,100.000000000000000
p_k,L3,2025-02-21 10:15:00,20250221,101500,2025-02-21 10:15:00,10,2025-02-21,2.006405579999999,8.025622319999995,8.079485557046986,15.000000000000000,900.000000000000000,100.000000000000000,1,894.000000000000000,99.333333333333329
p_k,ALL,2025-02-21 10:15:00,20250221,101500,2025-02-21 10:15:00,10,2025-02-21,5.346190114166665,21.384760456666658,10.728140697324418,15.000000000000000,900.000000000000000,100.000000000000000,1,900.000000000000000,100.000000000000000
p_k,L1,2025-02-21 10:30:00,20250221,103000,2025-02-21 10:30:00,10,2025-02-21,0.000000000000000,0.000000000000000,NaN,15.000000000000000,900.000000000000000,100.000000000000000,0,0.000000000000000,0.000000000000000
p_k,L2,2025-02-21 10:30:00,20250221,103000,2025-02-21 10:30:00,10,2025-02-21,4.080412983416666,16.321651933666665,16.321651933666669,15.000000000000000,900.000000000000000,100.000000000000000,1,900.000000000000000,100.000000000000000
p_k,L3,2025-02-21 10:30:00,20250221,103000,2025-02-21 10:30:00,10,2025-02-21,1.786185975216666,7.144743900866663,7.168639365418059,15.000000000000000,900.000000000000000,100.000000000000000,1,897.000000000000000,99.666666666666671
p_k,ALL,2025-02-21 10:30:00,20250221,103000,2025-02-21 10:30:00,10,2025-02-21,5.866598958633332,23.466395834533330,11.752785893756261,15.000000000000000,900.000000000000000,100.000000000000000,1,900.000000000000000,100.000000000000000
p_k,L1,2025-02-21 10:45:00,20250221,104500,2025-02-21 10:45:00,10,2025-02-21,0.000000000000000,0.000000000000000,NaN,15.000000000000000,900.000000000000000,100.000000000000000,0,0.000000000000000,0.000000000000000
p_k,L2,2025-02-21 10:45:00,20250221,104500,2025-02-21 10:45:00,10,2025-02-21,2.968446248333330,11.873784993333322,11.873784993333334,15.000000000000000,900.000000000000000,100.000000000000000,1,900.000000000000000,100.000000000000000
p_k,L3,2025-02-21 10:45:00,20250221,104500,2025-02-21 10:45:00,10,2025-02-21,2.171321860916666,8.685287443666665,8.714335227759193,15.000000000000000,900.000000000000000,100.000000000000000,1,897.000000000000000,99.666666666666671
p_k,ALL,2025-02-21 10:45:00,20250221,104500,2025-02-21 10:45:00,10,2025-02-21,5.139768109249997,20.559072436999987,10.296697380801334,15.000000000000000,900.000000000000000,100.000000000000000,1,900.000000000000000,100.000000000000000
p_k,L1,2025-02-21 11:00:00,20250221,110000,2025-02-21 11:00:00,11,2025-02-21,0.000000000000000,0.000000000000000,NaN,15.000000000000000,900.000000000000000,100.000000000000000,0,0.000000000000000,0.000000000000000
p_k,L2,2025-02-21 11:00:00,20250221,110000,2025-02-21 11:00:00,11,2025-02-21,3.465861819999999,13.863447279999995,13.863447279999999,15.000000000000000,900.000000000000000,100.000000000000000,1,900.000000000000000,100.000000000000000
p_k,L3,2025-02-21 11:00:00,20250221,110000,2025-02-21 11:00:00,11,2025-02-21,1.985400713250001,7.941602853000003,7.968163397658857,15.000000000000000,900.000000000000000,100.000000000000000,1,897.000000000000000,99.666666666666671
p_k,ALL,2025-02-21 11:00:00,20250221,110000,2025-02-21 11:00:00,11,2025-02-21,5.451262533250000,21.805050132999998,10.920726276961599,15.000000000000000,900.000000000000000,100.000000000000000,1,900.000000000000000,100.000000000000000
p_k,L1,2025-02-21 11:15:00,20250221,111500,2025-02-21 11:15:00,11,2025-02-21,0.000000000000000,0.000000000000000,NaN,15.000000000000000,900.000000000000000,100.000000000000000,0,0.000000000000000,0.000000000000000
p_k,L2,2025-02-21 11:15:00,20250221,111500,2025-02-21 11:15:00,11,2025-02-21,2.906920799166669,11.627683196666677,11.627683196666670,15.000000000000000,900.000000000000000,100.000000000000000,1,900.000000000000000,100.000000000000000
p_k,L3,2025-02-21 11:15:00,20250221,111500,2025-02-21 11:15:00,11,2025-02-21,2.215300377500000,8.861201509999999,8.890837635451499,15.000000000000000,900.000000000000000,100.000000000000000,1,897.000000000000000,99.666666666666671
p_k,ALL,2025-02-21 11:15:00,20250221,111500,2025-02-21 11:15:00,11,2025-02-21,5.122221176666669,20.488884706666674,10.261544928213690,15.000000000000000,900.000000000000000,100.000000000000000,1,900.000000000000000,100.000000000000000
p_k,L1,2025-02-21 11:30:00,20250221,113000,2025-02-21 11:30:00,11,2025-02-21,0.000000000000000,0.000000000000000,NaN,15.000000000000000,900.000000000000000,100.000000000000000,0,0.000000000000000,0.000000000000000
p_k,L2,2025-02-21 11:30:00,20250221,113000,2025-02-21 11:30:00,11,2025-02-21,3.190710045000001,12.762840180000005,12.762840180000003,15.000000000000000,900.000000000000000,100.000000000000000,1,900.000000000000000,100.000000000000000
p_k,L3,2025-02-21 11:30:00,20250221,113000,2025-02-21 11:30:00,11,2025-02-21,2.004420178333333,8.017680713333331,8.017680713333332,15.000000000000000,900.000000000000000,100.000000000000000,1,900.000000000000000,100.000000000000000
p_k,ALL,2025-02-21 11:30:00,20250221,113000,2025-02-21 11:30:00,11,2025-02-21,5.195130223333334,20.780520893333335,10.390260446666669,15.000000000000000,900.000000000000000,100.000000000000000,1,900.000000000000000,100.000000000000000
p_k,L1,2025-02-21 11:45:00,20250221,114500,2025-02-21 11:45:00,11,2025-02-21,0.000000000000000,0.000000000000000,NaN,15.000000000000000,900.000000000000000,100.000000000000000,0,0.000000000000000,0.000000000000000
p_k,L2,2025-02-21 11:45:00,20250221,114500,2025-02-21 11:45:00,11,2025-02-21,2.984344221666667,11.937376886666668,11.937376886666673,15.000000000000000,900.000000000000000,100.000000000000000,1,900.000000000000000,100.000000000000000
p_k,L3,2025-02-21 11:45:00,20250221,114500,2025-02-21 11:45:00,11,2025-02-21,2.167958024083333,8.671832096333333,8.700834879264216,15.000000000000000,900.000000000000000,100.000000000000000,1,897.000000000000000,99.666666666666671
p_k,ALL,2025-02-21 11:45:00,20250221,114500,2025-02-21 11:45:00,11,2025-02-21,5.152302245750001,20.609208983000002,10.321807504006683,15.000000000000000,900.000000000000000,100.000000000000000,1,900.000000000000000,100.000000000000000
p_k,L1,2025-02-21 12:00:00,20250221,120000,2025-02-21 12:00:00,12,2025-02-21,0.000000000000000,0.000000000000000,NaN,15.000000000000000,900.000000000000000,100.000000000000000,0,0.000000000000000,0.000000000000000
p_k,L2,2025-02-21 12:00:00,20250221,120000,2025-02-21 12:00:00,12,2025-02-21,3.027325606666670,12.109302426666678,12.109302426666664,15.000000000000000,900.000000000000000,100.000000000000000,1,900.000000000000000,100.000000000000000
p_k,L3,2025-02-21 12:00:00,20250221,120000,2025-02-21 12:00:00,12,2025-02-21,2.039198157500000,8.156792630000002,8.156792630000004,15.000000000000000,900.000000000000000,100.000000000000000,1,900.000000000000000,100.000000000000000
p_k,ALL,2025-02-21 12:00:00,20250221,120000,2025-02-21 12:00:00,12,2025-02-21,5.066523764166670,20.266095056666678,10.133047528333334,15.000000000000000,900.000000000000000,100.000000000000000,1,900.000000000000000,100.000000000000000
p_k,L1,2025-02-21 12:15:00,20250221,121500,2025-02-21 12:15:00,12,2025-02-21,0.000000000000000,0.000000000000000,NaN,15.000000000000000,900.000000000000000,100.000000000000000,0,0.000000000000000,0.000000000000000
p_k,L2,2025-02-21 12:15:00,20250221,121500,2025-02-21 12:15:00,12,2025-02-21,2.870389141666666,11.481556566666665,11.481556566666669,15.000000000000000,900.000000000000000,100.000000000000000,1,900.000000000000000,100.000000000000000
p_k,L3,2025-02-21 12:15:00,20250221,121500,2025-02-21 12:15:00,12,2025-02-21,2.083982830000001,8.335931320000002,8.335931319999998,15.000000000000000,900.000000000000000,100.000000000000000,1,900.000000000000000,100.000000000000000
p_k,ALL,2025-02-21 12:15:00,20250221,121500,2025-02-21 12:15:00,12,2025-02-21,4.954371971666667,19.817487886666669,9.908743943333334,15.000000000000000,900.000000000000000,100.000000000000000,1,900.000000000000000,100.000000000000000
p_k,L1,2025-02-21 12:30:00,20250221,123000,2025-02-21 12:30:00,12,2025-02-21,0.000000000000000,0.000000000000000,NaN,15.000000000000000,900.000000000000000,100.000000000000000,0,0.000000000000000,0.000000000000000
p_k,L2,2025-02-21 12:30:00,20250221,123000,2025-02-21 12:30:00,12,2025-02-21,2.985743795833334,11.942975183333337,11.942975183333335,15.000000000000000,900.000000000000000,100.000000000000000,1,900.000000000000000,100.000000000000000
p_k,L3,2025-02-21 12:30:00,20250221,123000,2025-02-21 12:30:00,12,2025-02-21,2.062084277499999,8.248337109999996,8.248337110000001,15.000000000000000,900.000000000000000,100.000000000000000,1,900.000000000000000,100.000000000000000
p_k,ALL,2025-02-21 12:30:00,20250221,123000,2025-02-21 12:30:00,12,2025-02-21,5.047828073333333,20.191312293333333,10.095656146666668,15.000000000000000,900.000000000000000,100.000000000000000,1,900.000000000000000,100.000000000000000
p_k,L1,2025-02-21 12:45:00,20250221,124500,2025-02-21 12:45:00,12,2025-02-21,0.000000000000000,0.000000000000000,NaN,15.000000000000000,900.000000000000000,100.000000000000000,0,0.000000000000000,0.000000000000000
p_k,L2,2025-02-21 12:45:00,20250221,124500,2025-02-21 12:45:00,12,2025-02-21,2.939762324166665,11.759049296666660,11.759049296666666,15.000000000000000,900.000000000000000,100.000000000000000,1,900.000000000000000,100.000000000000000
p_k,L3,2025-02-21 12:45:00,20250221,124500,2025-02-21 12:45:00,12,2025-02-21,2.102758799166668,8.411035196666671,8.411035196666669,15.000000000000000,900.000000000000000,100.000000000000000,1,900.000000000000000,100.000000000000000
p_k,ALL,2025-02-21 12:45:00,20250221,124500,2025-02-21 12:45:00,12,2025-02-21,5.042521123333333,20.170084493333331,10.085042246666667,15.000000000000000,900.000000000000000,100.000000000000000,1,900.000000000000000,100.000000000000000
p_k,L1,2025-02-21 13:00:00,20250221,130000,2025-02-21 13:00:00,13,2025-02-21,0.000000000000000,0.000000000000000,NaN,15.000000000000000,900.000000000000000,100.000000000000000,0,0.000000000000000,0.000000000000000
p_k,L2,2025-02-21 13:00:00,20250221,130000,2025-02-21 13:00:00,13,2025-02-21,3.302626357499996,13.210505429999985,13.210505430000001,15.000000000000000,900.000000000000000,100.000000000000000,1,900.000000000000000,100.000000000000000
p_k,L3,2025-02-21 13:00:00,20250221,130000,2025-02-21 13:00:00,13,2025-02-21,1.977068459416667,7.908273837666667,7.934722914046830,15.000000000000000,900.000000000000000,100.000000000000000,1,897.000000000000000,99.666666666666671
p_k,ALL,2025-02-21 13:00:00,20250221,130000,2025-02-21 13:00:00,13,2025-02-21,5.279694816916663,21.118779267666653,10.577017997161940,15.000000000000000,900.000000000000000,100.000000000000000,1,900.000000000000000,100.000000000000000
p_k,L1,2025-02-21 13:15:00,20250221,131500,2025-02-21 13:15:00,13,2025-02-21,0.000000000000000,0.000000000000000,NaN,15.000000000000000,900.000000000000000,100.000000000000000,0,0.000000000000000,0.000000000000000
p_k,L2,2025-02-21 13:15:00,20250221,131500,2025-02-21 13:15:00,13,2025-02-21,2.858847691666666,11.435390766666663,11.435390766666677,15.000000000000000,900.000000000000000,100.000000000000000,1,900.000000000000000,100.000000000000000
p_k,L3,2025-02-21 13:15:00,20250221,131500,2025-02-21 13:15:00,13,2025-02-21,2.027060733333331,8.108242933333326,8.108242933333328,15.000000000000000,900.000000000000000,100.000000000000000,1,900.000000000000000,100.000000000000000
p_k,ALL,2025-02-21 13:15:00,20250221,131500,2025-02-21 13:15:00,13,2025-02-21,4.885908424999997,19.543633699999987,9.771816850000002,15.000000000000000,900.000000000000000,100.000000000000000,1,900.000000000000000,100.000000000000000
p_k,L1,2025-02-21 13:30:00,20250221,133000,2025-02-21 13:30:00,13,2025-02-21,0.000000000000000,0.000000000000000,NaN,15.000000000000000,900.000000000000000,100.000000000000000,0,0.000000000000000,0.000000000000000
p_k,L2,2025-02-21 13:30:00,20250221,133000,2025-02-21 13:30:00,13,2025-02-21,2.869685104166665,11.478740416666660,11.478740416666666,15.000000000000000,900.000000000000000,100.000000000000000,1,900.000000000000000,100.000000000000000
p_k,L3,2025-02-21 13:30:00,20250221,133000,2025-02-21 13:30:00,13,2025-02-21,2.016071546666667,8.064286186666669,8.064286186666662,15.000000000000000,900.000000000000000,100.000000000000000,1,900.000000000000000,100.000000000000000
p_k,ALL,2025-02-21 13:30:00,20250221,133000,2025-02-21 13:30:00,13,2025-02-21,4.885756650833333,19.543026603333331,9.771513301666666,15.000000000000000,900.000000000000000,100.000000000000000,1,900.000000000000000,100.000000000000000
p_k,L1,2025-02-21 13:45:00,20250221,134500,2025-02-21 13:45:00,13,2025-02-21,0.000000000000000,0.000000000000000,NaN,15.000000000000000,900.000000000000000,100.000000000000000,0,0.000000000000000,0.000000000000000
p_k,L2,2025-02-21 13:45:00,20250221,134500,2025-02-21 13:45:00,13,2025-02-21,2.907031315833334,11.628125263333336,11.628125263333319,15.000000000000000,900.000000000000000,100.000000000000000,1,900.000000000000000,100.000000000000000
p_k,L3,2025-02-21 13:45:00,20250221,134500,2025-02-21 13:45:00,13,2025-02-21,2.044497517500000,8.177990070000000,8.177990070000005,15.000000000000000,900.000000000000000,100.000000000000000,1,900.000000000000000,100.000000000000000
p_k,ALL,2025-02-21 13:45:00,20250221,134500,2025-02-21 13:45:00,13,2025-02-21,4.951528833333334,19.806115333333338,9.903057666666662,15.000000000000000,900.000000000000000,100.000000000000000,1,900.000000000000000,100.000000000000000
p_k,L1,2025-02-21 14:00:00,20250221,140000,2025-02-21 14:00:00,14,2025-02-21,0.000000000000000,0.000000000000000,NaN,15.000000000000000,900.000000000000000,100.000000000000000,0,0.000000000000000,0.000000000000000
p_k,L2,2025-02-21 14:00:00,20250221,140000,2025-02-21 14:00:00,14,2025-02-21,2.880736438333336,11.522945753333344,11.522945753333339,15.000000000000000,900.000000000000000,100.000000000000000,1,900.000000000000000,100.000000000000000
p_k,L3,2025-02-21 14:00:00,20250221,140000,2025-02-21 14:00:00,14,2025-02-21,2.047641919999999,8.190567679999997,8.190567679999999,15.000000000000000,900.000000000000000,100.000000000000000,1,900.000000000000000,100.000000000000000
p_k,ALL,2025-02-21 14:00:00,20250221,140000,2025-02-21 14:00:00,14,2025-02-21,4.928378358333335,19.713513433333340,9.856756716666670,15.000000000000000,900.000000000000000,100.000000000000000,1,900.000000000000000,100.000000000000000
p_k,L1,2025-02-21 14:15:00,20250221,141500,2025-02-21 14:15:00,14,2025-02-21,0.000000000000000,0.000000000000000,NaN,15.000000000000000,900.000000000000000,100.000000000000000,0,0.000000000000000,0.000000000000000
p_k,L2,2025-02-21 14:15:00,20250221,141500,2025-02-21 14:15:00,14,2025-02-21,3.306628016666668,13.226512066666674,13.226512066666663,15.000000000000000,900.000000000000000,100.000000000000000,1,900.000000000000000,100.000000000000000
p_k,L3,2025-02-21 14:15:00,20250221,141500,2025-02-21 14:15:00,14,2025-02-21,1.882794046750000,7.531176187000001,7.531176187000001,15.000000000000000,900.000000000000000,100.000000000000000,1,900.000000000000000,100.000000000000000
p_k,ALL,2025-02-21 14:15:00,20250221,141500,2025-02-21 14:15:00,14,2025-02-21,5.189422063416669,20.757688253666675,10.378844126833330,15.000000000000000,900.000000000000000,100.000000000000000,1,900.000000000000000,100.000000000000000
p_k,L1,2025-02-21 14:30:00,20250221,143000,2025-02-21 14:30:00,14,2025-02-21,0.000913565508333,0.003654262033333,0.027406965250000,15.000000000000000,900.000000000000000,100.000000000000000,0,120.000000000000000,13.333333333333334
p_k,L2,2025-02-21 14:30:00,20250221,143000,2025-02-21 14:30:00,14,2025-02-21,4.293164356008330,17.172657424033321,17.172657424033336,15.000000000000000,900.000000000000000,100.000000000000000,1,900.000000000000000,100.000000000000000
p_k,L3,2025-02-21 14:30:00,20250221,143000,2025-02-21 14:30:00,14,2025-02-21,0.753542231833333,3.014168927333332,4.590104965482236,15.000000000000000,900.000000000000000,100.000000000000000,0,591.000000000000000,65.666666666666657
p_k,ALL,2025-02-21 14:30:00,20250221,143000,2025-02-21 14:30:00,14,2025-02-21,5.047620153349997,20.190480613399988,11.279598108044695,15.000000000000000,900.000000000000000,100.000000000000000,1,900.000000000000000,100.000000000000000
p_k,L1,2025-02-21 14:45:00,20250221,144500,2025-02-21 14:45:00,14,2025-02-21,0.000722896400000,0.002891585600000,0.003907548108108,15.000000000000000,900.000000000000000,100.000000000000000,0,666.000000000000000,74.000000000000000
p_k,L2,2025-02-21 14:45:00,20250221,144500,2025-02-21 14:45:00,14,2025-02-21,0.582838345883333,2.331353383533333,2.331353383533333,15.000000000000000,900.000000000000000,100.000000000000000,1,900.000000000000000,100.000000000000000
p_k,L3,2025-02-21 14:45:00,20250221,144500,2025-02-21 14:45:00,14,2025-02-21,0.179380010833333,0.717520043333333,1.055176534313725,15.000000000000000,900.000000000000000,100.000000000000000,0,612.000000000000000,68.000000000000000
p_k,ALL,2025-02-21 14:45:00,20250221,144500,2025-02-21 14:45:00,14,2025-02-21,0.762941253116666,3.051765012466666,1.261059922506887,15.000000000000000,900.000000000000000,100.000000000000000,1,900.000000000000000,100.000000000000000
p_k,L1,2025-02-21 15:00:00,20250221,150000,2025-02-21 15:00:00,15,2025-02-21,0.000002939400000,0.000011757600000,0.000011796923077,15.000000000000000,900.000000000000000,100.000000000000000,1,897.000000000000000,99.666666666666671
p_k,L2,2025-02-21 15:00:00,20250221,150000,2025-02-21 15:00:00,15,2025-02-21,0.004779072041667,0.019116288166667,0.019116288166667,15.000000000000000,900.000000000000000,100.000000000000000,1,900.000000000000000,100.000000000000000
p_k,L3,2025-02-21 15:00:00,20250221,150000,2025-02-21 15:00:00,15,2025-02-21,0.008837600000000,0.035350400000000,0.035707474747475,15.000000000000000,900.000000000000000,100.000000000000000,1,891.000000000000000,99.000000000000000
p_k,ALL,2025-02-21 15:00:00,20250221,150000,2025-02-21 15:00:00,15,2025-02-21,0.013619611441667,0.054478445766667,0.018240551037946,15.000000000000000,900.000000000000000,100.000000000000000,1,900.000000000000000,100.000000000000000
p_k,L1,2025-02-21 15:15:00,20250221,151500,2025-02-21 15:15:00,15,2025-02-21,0.000000000000000,0.000000000000000,0.000000000000000,15.000000000000000,900.000000000000000,100.000000000000000,1,900.000000000000000,100.000000000000000
p_k,L2,2025-02-21 15:15:00,20250221,151500,2025-02-21 15:15:00,15,2025-02-21,0.000000000000000,0.000000000000000,0.000000000000000,15.000000000000000,900.000000000000000,100.000000000000000,1,897.000000000000000,99.666666666666671
p_k,L3,2025-02-21 15:15:00,20250221,151500,2025-02-21 15:15:00,15,2025-02-21,0.000000000000000,0.000000000000000,0.000000000000000,15.000000000000000,900.000000000000000,100.000000000000000,1,900.000000000000000,100.000000000000000
p_k,ALL,2025-02-21 15:15:00,20250221,151500,2025-02-21 15:15:00,15,2025-02-21,0.000000000000000,0.000000000000000,0.000000000000000,15.000000000000000,900.000000000000000,100.000000000000000,1,900.000000000000000,100.000000000000000
p_k,L1,2025-02-21 15:30:00,20250221,153000,2025-02-21 15:30:00,15,2025-02-21,0.000000000000000,0.000000000000000,0.000000000000000,15.000000000000000,900.000000000000000,100.000000000000000,1,900.000000000000000,100.000000000000000
p_k,L2,2025-02-21 15:30:00,20250221,153000,2025-02-21 15:30:00,15,2025-02-21,0.000000000000000,0.000000000000000,0.000000000000000,15.000000000000000,900.000000000000000,100.000000000000000,1,897.000000000000000,99.666666666666671
p_k,L3,2025-02-21 15:30:00,20250221,153000,2025-02-21 15:30:00,15,2025-02-21,0.000000000000000,0.000000000000000,0.000000000000000,15.000000000000000,900.000000000000000,100.000000000000000,1,900.000000000000000,100.000000000000000
p_k,ALL,2025-02-21 15:30:00,20250221,153000,2025-02-21 15:30:00,15,2025-02-21,0.000000000000000,0.000000000000000,0.000000000000000,15.000000000000000,900.000000000000000,100.000000000000000,1,900.000000000000000,100.000000000000000
p_k,L1,2025-02-21 15:45:00,20250221,154500,2025-02-21 15:45:00,15,2025-02-21,0.000000000000000,0.000000000000000,0.000000000000000,15.000000000000000,900.000000000000000,100.000000000000000,1,900.000000000000000,100.000000000000000
p_k,L2,2025-02-21 15:45:00,20250221,154500,2025-02-21 15:45:00,15,2025-02-21,0.000000000000000,0.000000000000000,0.000000000000000,15.000000000000000,900.000000000000000,100.000000000000000,1,900.000000000000000,100.000000000000000
p_k,L3,2025-02-21 15:45:00,20250221,154500,2025-02-21 15:45:00,15,2025-02-21,0.000000000000000,0.000000000000000,0.000000000000000,15.000000000000000,900.000000000000000,100.000000000000000,1,900.000000000000000,100.000000000000000
p_k,ALL,2025-02-21 15:45:00,20250221,154500,2025-02-21 15:45:00,15,2025-02-21,0.000000000000000,0.000000000000000,0.000000000000000,15.000000000000000,900.000000000000000,100.000000000000000,1,900.000000000000000,100.000000000000000
p_k,L1,2025-02-21 16:00:00,20250221,160000,2025-02-21 16:00:00,16,2025-02-21,0.000000000000000,0.000000000000000,0.000000000000000,15.000000000000000,900.000000000000000,100.000000000000000,1,900.000000000000000,100.000000000000000
p_k,L2,2025-02-21 16:00:00,20250221,160000,2025-02-21 16:00:00,16,2025-02-21,0.000000000000000,0.000000000000000,0.000000000000000,15.000000000000000,900.000000000000000,100.000000000000000,1,900.000000000000000,100.000000000000000
p_k,L3,2025-02-21 16:00:00,20250221,160000,2025-02-21 16:00:00,16,2025-02-21,0.000000000000000,0.000000000000000,0.000000000000000,15.000000000000000,900.000000000000000,100.000000000000000,1,900.000000000000000,100.000000000000000
p_k,ALL,2025-02-21 16:00:00,20250221,160000,2025-02-21 16:00:00,16,2025-02-21,0.000000000000000,0.000000000000000,0.000000000000000,15.000000000000000,900.000000000000000,100.000000000000000,1,900.000000000000000,100.000000000000000
p_k,L1,2025-02-21 16:15:00,20250221,161500,2025-02-21 16:15:00,16,2025-02-21,0.000000000000000,0.000000000000000,0.000000000000000,15.000000000000000,900.000000000000000,100.000000000000000,1,900.000000000000000,100.000000000000000
p_k,L2,2025-02-21 16:15:00,20250221,161500,2025-02-21 16:15:00,16,2025-02-21,0.000000000000000,0.000000000000000,0.000000000000000,15.000000000000000,900.000000000000000,100.000000000000000,1,900.000000000000000,100.000000000000000
p_k,L3,2025-02-21 16:15:00,20250221,161500,2025-02-21 16:15:00,16,2025-02-21,0.000000000000000,0.000000000000000,0.000000000000000,15.000000000000000,900.000000000000000,100.000000000000000,1,900.000000000000000,100.000000000000000
p_k,ALL,2025-02-21 16:15:00,20250221,161500,2025-02-21 16:15:00,16,2025-02-21,0.000000000000000,0.000000000000000,0.000000000000000,15.000000000000000,900.000000000000000,100.000000000000000,1,900.000000000000000,100.000000000000000
p_k,L1,2025-02-21 16:30:00,20250221,163000,2025-02-21 16:30:00,16,2025-02-21,0.000000000000000,0.000000000000000,0.000000000000000,15.000000000000000,900.000000000000000,100.000000000000000,1,900.000000000000000,100.000000000000000
p_k,L2,2025-02-21 16:30:00,20250221,163000,2025-02-21 16:30:00,16,2025-02-21,0.000000000000000,0.000000000000000,0.000000000000000,15.000000000000000,900.000000000000000,100.000000000000000,1,900.000000000000000,100.000000000000000
p_k,L3,2025-02-21 16:30:00,20250221,163000,2025-02-21 16:30:00,16,2025-02-21,0.000000000000000,0.000000000000000,0.000000000000000,15.000000000000000,900.000000000000000,100.000000000000000,1,900.000000000000000,100.000000000000000
p_k,ALL,2025-02-21 16:30:00,20250221,163000,2025-02-21 16:30:00,16,2025-02-21,0.000000000000000,0.000000000000000,0.000000000000000,15.000000000000000,900.000000000000000,100.000000000000000,1,900.000000000000000,100.000000000000000
p_k,L1,2025-02-21 16:45:00,20250221,164500,2025-02-21 16:45:00,16,2025-02-21,0.000000000000000,0.000000000000000,0.000000000000000,15.000000000000000,900.000000000000000,100.000000000000000,1,900.000000000000000,100.000000000000000
p_k,L2,2025-02-21 16:45:00,20250221,164500,2025-02-21 16:45:00,16,2025-02-21,0.000000000000000,0.000000000000000,0.000000000000000,15.000000000000000,900.000000000000000,100.000000000000000,1,900.000000000000000,100.000000000000000
p_k,L3,2025-02-21 16:45:00,20250221,164500,2025-02-21 16:45:00,16,2025-02-21,0.000000000000000,0.000000000000000,0.000000000000000,15.000000000000000,900.000000000000000,100.000000000000000,1,897.000000000000000,99.666666666666671
p_k,ALL,2025-02-21 16:45:00,20250221,164500,2025-02-21 16:45:00,16,2025-02-21,0.000000000000000,0.000000000000000,0.000000000000000,15.000000000000000,900.000000000000000,100.000000000000000,1,900.000000000000000,100.000000000000000
p_k,L1,2025-02-21 17:00:00,20250221,170000,2025-02-21 17:00:00,17,2025-02-21,0.000000000000000,0.000000000000000,0.000000000000000,15.000000000000000,900.000000000000000,100.000000000000000,1,900.000000000000000,100.000000000000000
p_k,L2,2025-02-21 17:00:00,20250221,170000,2025-02-21 17:00:00,17,2025-02-21,0.000000000000000,0.000000000000000,0.000000000000000,15.000000000000000,900.000000000000000,100.000000000000000,1,900.000000000000000,100.000000000000000
p_k,L3,2025-02-21 17:00:00,20250221,170000,2025-02-21 17:00:00,17,2025-02-21,0.000000000000000,0.000000000000000,0.000000000000000,15.000000000000000,900.000000000000000,100.000000000000000,1,900.000000000000000,100.000000000000000
p_k,ALL,2025-02-21 17:00:00,20250221,170000,2025-02-21 17:00:00,17,2025-02-21,0.000000000000000,0.000000000000000,0.000000000000000,15.000000000000000,900.000000000000000,100.000000000000000,1,900.000000000000000,100.000000000000000
p_k,L1,2025-02-21 17:15:00,20250221,171500,2025-02-21 17:15:00,17,2025-02-21,0.000000000000000,0.000000000000000,0.000000000000000,15.000000000000000,900.000000000000000,100.000000000000000,1,900.000000000000000,100.000000000000000
p_k,L2,2025-02-21 17:15:00,20250221,171500,2025-02-21 17:15:00,17,2025-02-21,0.000000000000000,0.000000000000000,0.000000000000000,15.000000000000000,900.000000000000000,100.000000000000000,1,900.000000000000000,100.000000000000000
p_k,L3,2025-02-21 17:15:00,20250221,171500,2025-02-21 17:15:00,17,2025-02-21,0.000000000000000,0.000000000000000,0.000000000000000,15.000000000000000,900.000000000000000,100.000000000000000,1,897.000000000000000,99.666666666666671
p_k,ALL,2025-02-21 17:15:00,20250221,171500,2025-02-21 17:15:00,17,2025-02-21,0.000000000000000,0.000000000000000,0.000000000000000,15.000000000000000,900.000000000000000,100.000000000000000,1,900.000000000000000,100.000000000000000
p_k,L1,2025-02-21 17:30:00,20250221,173000,2025-02-21 17:30:00,17,2025-02-21,0.000000000000000,0.000000000000000,0.000000000000000,15.000000000000000,900.000000000000000,100.000000000000000,1,900.000000000000000,100.000000000000000
p_k,L2,2025-02-21 17:30:00,20250221,173000,2025-02-21 17:30:00,17,2025-02-21,0.000000000000000,0.000000000000000,0.000000000000000,15.000000000000000,900.000000000000000,100.000000000000000,1,900.000000000000000,100.000000000000000
p_k,L3,2025-02-21 17:30:00,20250221,173000,2025-02-21 17:30:00,17,2025-02-21,0.000000000000000,0.000000000000000,0.000000000000000,15.000000000000000,900.000000000000000,100.000000000000000,1,900.000000000000000,100.000000000000000
p_k,ALL,2025-02-21 17:30:00,20250221,173000,2025-02-21 17:30:00,17,2025-02-21,0.000000000000000,0.000000000000000,0.000000000000000,15.000000000000000,900.000000000000000,100.000000000000000,1,900.000000000000000,100.000000000000000
p_k,L1,2025-02-21 17:45:00,20250221,174500,2025-02-21 17:45:00,17,2025-02-21,0.000000000000000,0.000000000000000,0.000000000000000,15.000000000000000,900.000000000000000,100.000000000000000,1,900.000000000000000,100.000000000000000
p_k,L2,2025-02-21 17:45:00,20250221,174500,2025-02-21 17:45:00,17,2025-02-21,0.000000000000000,0.000000000000000,0.000000000000000,15.000000000000000,900.000000000000000,100.000000000000000,1,900.000000000000000,100.000000000000000
p_k,L3,2025-02-21 17:45:00,20250221,174500,2025-02-21 17:45:00,17,2025-02-21,0.000000000000000,0.000000000000000,0.000000000000000,15.000000000000000,900.000000000000000,100.000000000000000,1,900.000000000000000,100.000000000000000
p_k,ALL,2025-02-21 17:45:00,20250221,174500,2025-02-21 17:45:00,17,2025-02-21,0.000000000000000,0.000000000000000,0.000000000000000,15.000000000000000,900.000000000000000,100.000000000000000,1,900.000000000000000,100.000000000000000
p_k,L1,2025-02-21 18:00:00,20250221,180000,2025-02-21 18:00:00,18,2025-02-21,0.000021555600000,0.000086222400000,0.000137588936170,15.000000000000000,900.000000000000000,100.000000000000000,0,564.000000000000000,62.666666666666671
p_k,L2,2025-02-21 18:00:00,20250221,180000,2025-02-21 18:00:00,18,2025-02-21,0.925952178966667,3.703808715866667,3.703808715866667,15.000000000000000,900.000000000000000,100.000000000000000,1,900.000000000000000,100.000000000000000
p_k,L3,2025-02-21 18:00:00,20250221,180000,2025-02-21 18:00:00,18,2025-02-21,0.000000000000000,0.000000000000000,0.000000000000000,15.000000000000000,900.000000000000000,100.000000000000000,0,546.000000000000000,60.666666666666671
p_k,ALL,2025-02-21 18:00:00,20250221,180000,2025-02-21 18:00:00,18,2025-02-21,0.925973734566667,3.703894938266667,1.658460420119403,15.000000000000000,900.000000000000000,100.000000000000000,1,900.000000000000000,100.000000000000000
p_k,L1,2025-02-21 18:15:00,20250221,181500,2025-02-21 18:15:00,18,2025-02-21,0.000000000000000,0.000000000000000,NaN,15.000000000000000,900.000000000000000,100.000000000000000,0,0.000000000000000,0.000000000000000
p_k,L2,2025-02-21 18:15:00,20250221,181500,2025-02-21 18:15:00,18,2025-02-21,3.036134158333333,12.144536633333333,12.144536633333328,15.000000000000000,900.000000000000000,100.000000000000000,1,900.000000000000000,100.000000000000000
p_k,L3,2025-02-21 18:15:00,20250221,181500,2025-02-21 18:15:00,18,2025-02-21,0.000000000000000,0.000000000000000,NaN,15.000000000000000,900.000000000000000,100.000000000000000,0,0.000000000000000,0.000000000000000
p_k,ALL,2025-02-21 18:15:00,20250221,181500,2025-02-21 18:15:00,18,2025-02-21,3.036134158333333,12.144536633333333,12.144536633333328,15.000000000000000,900.000000000000000,100.000000000000000,1,900.000000000000000,100.000000000000000
p_k,L1,2025-02-21 18:30:00,20250221,183000,2025-02-21 18:30:00,18,2025-02-21,0.000000000000000,0.000000000000000,NaN,15.000000000000000,900.000000000000000,100.000000000000000,0,0.000000000000000,0.000000000000000
p_k,L2,2025-02-21 18:30:00,20250221,183000,2025-02-21 18:30:00,18,2025-02-21,3.033350858333333,12.133403433333331,12.133403433333335,15.000000000000000,900.000000000000000,100.000000000000000,1,900.000000000000000,100.000000000000000
p_k,L3,2025-02-21 18:30:00,20250221,183000,2025-02-21 18:30:00,18,2025-02-21,0.000000000000000,0.000000000000000,NaN,15.000000000000000,900.000000000000000,100.000000000000000,0,0.000000000000000,0.000000000000000
p_k,ALL,2025-02-21 18:30:00,20250221,183000,2025-02-21 18:30:00,18,2025-02-21,3.033350858333333,12.133403433333331,12.133403433333335,15.000000000000000,900.000000000000000,100.000000000000000,1,900.000000000000000,100.000000000000000
p_k,L1,2025-02-21 18:45:00,20250221,184500,2025-02-21 18:45:00,18,2025-02-21,0.000000000000000,0.000000000000000,0.000000000000000,15.000000000000000,900.000000000000000,100.000000000000000,0,18.000000000000000,2.000000000000000
p_k,L2,2025-02-21 18:45:00,20250221,184500,2025-02-21 18:45:00,18,2025-02-21,2.645803186633336,10.583212746533343,10.583212746533324,15.000000000000000,900.000000000000000,100.000000000000000,1,900.000000000000000,100.000000000000000
p_k,L3,2025-02-21 18:45:00,20250221,184500,2025-02-21 18:45:00,18,2025-02-21,0.000000000000000,0.000000000000000,NaN,15.000000000000000,900.000000000000000,100.000000000000000,0,0.000000000000000,0.000000000000000
p_k,ALL,2025-02-21 18:45:00,20250221,184500,2025-02-21 18:45:00,18,2025-02-21,2.645803186633336,10.583212746533343,10.375698771111102,15.000000000000000,900.000000000000000,100.000000000000000,1,900.000000000000000,100.000000000000000
p_k,L1,2025-02-21 19:00:00,20250221,190000,2025-02-21 19:00:00,19,2025-02-21,0.000000000000000,0.000000000000000,0.000000000000000,15.000000000000000,900.000000000000000,100.000000000000000,0,36.000000000000000,4.000000000000000
p_k,L2,2025-02-21 19:00:00,20250221,190000,2025-02-21 19:00:00,19,2025-02-21,2.146428081516666,8.585712326066663,8.585712326066664,15.000000000000000,900.000000000000000,100.000000000000000,1,900.000000000000000,100.000000000000000
p_k,L3,2025-02-21 19:00:00,20250221,190000,2025-02-21 19:00:00,19,2025-02-21,0.000000000000000,0.000000000000000,NaN,15.000000000000000,900.000000000000000,100.000000000000000,0,0.000000000000000,0.000000000000000
p_k,ALL,2025-02-21 19:00:00,20250221,190000,2025-02-21 19:00:00,19,2025-02-21,2.146428081516666,8.585712326066663,8.255492621217947,15.000000000000000,900.000000000000000,100.000000000000000,1,900.000000000000000,100.000000000000000
p_k,L1,2025-02-21 19:15:00,20250221,191500,2025-02-21 19:15:00,19,2025-02-21,0.000058004158333,0.000232016633333,0.001364803725490,15.000000000000000,900.000000000000000,100.000000000000000,0,153.000000000000000,17.000000000000000
p_k,L2,2025-02-21 19:15:00,20250221,191500,2025-02-21 19:15:00,19,2025-02-21,1.618449168166667,6.473796672666668,6.473796672666661,15.000000000000000,900.000000000000000,100.000000000000000,1,900.000000000000000,100.000000000000000
p_k,L3,2025-02-21 19:15:00,20250221,191500,2025-02-21 19:15:00,19,2025-02-21,0.000000000000000,0.000000000000000,NaN,15.000000000000000,900.000000000000000,100.000000000000000,0,0.000000000000000,0.000000000000000
p_k,ALL,2025-02-21 19:15:00,20250221,191500,2025-02-21 19:15:00,19,2025-02-21,1.618507172325000,6.474028689300002,5.533357854102560,15.000000000000000,900.000000000000000,100.000000000000000,1,900.000000000000000,100.000000000000000
p_k,L1,2025-02-21 19:30:00,20250221,193000,2025-02-21 19:30:00,19,2025-02-21,0.000019008116667,0.000076032466667,0.000170221940299,15.000000000000000,900.000000000000000,100.000000000000000,0,402.000000000000000,44.666666666666664
p_k,L2,2025-02-21 19:30:00,20250221,193000,2025-02-21 19:30:00,19,2025-02-21,1.033967452791666,4.135869811166665,4.135869811166668,15.000000000000000,900.000000000000000,100.000000000000000,1,900.000000000000000,100.000000000000000
p_k,L3,2025-02-21 19:30:00,20250221,193000,2025-02-21 19:30:00,19,2025-02-21,0.000000000000000,0.000000000000000,NaN,15.000000000000000,900.000000000000000,100.000000000000000,0,0.000000000000000,0.000000000000000
p_k,ALL,2025-02-21 19:30:00,20250221,193000,2025-02-21 19:30:00,19,2025-02-21,1.033986460908333,4.135945843633332,2.858948739838710,15.000000000000000,900.000000000000000,100.000000000000000,1,900.000000000000000,100.000000000000000
p_k,L1,2025-02-21 19:45:00,20250221,194500,2025-02-21 19:45:00,19,2025-02-21,0.000000000000000,0.000000000000000,0.000000000000000,15.000000000000000,900.000000000000000,100.000000000000000,0,408.000000000000000,45.333333333333329
p_k,L2,2025-02-21 19:45:00,20250221,194500,2025-02-21 19:45:00,19,2025-02-21,1.161373404516667,4.645493618066668,4.645493618066665,15.000000000000000,900.000000000000000,100.000000000000000,1,900.000000000000000,100.000000000000000
p_k,L3,2025-02-21 19:45:00,20250221,194500,2025-02-21 19:45:00,19,2025-02-21,0.000000000000000,0.000000000000000,NaN,15.000000000000000,900.000000000000000,100.000000000000000,0,0.000000000000000,0.000000000000000
p_k,ALL,2025-02-21 19:45:00,20250221,194500,2025-02-21 19:45:00,19,2025-02-21,1.161373404516667,4.645493618066668,3.196440562889907,15.000000000000000,900.000000000000000,100.000000000000000,1,900.000000000000000,100.000000000000000
p_k,L1,2025-02-21 20:00:00,20250221,200000,2025-02-21 20:00:00,20,2025-02-21,0.000000000000000,0.000000000000000,0.000000000000000,15.000000000000000,900.000000000000000,100.000000000000000,0,384.000000000000000,42.666666666666664
p_k,L2,2025-02-21 20:00:00,20250221,200000,2025-02-21 20:00:00,20,2025-02-21,1.126380261608333,4.505521046433332,4.505521046433331,15.000000000000000,900.000000000000000,100.000000000000000,1,900.000000000000000,100.000000000000000
p_k,L3,2025-02-21 20:00:00,20250221,200000,2025-02-21 20:00:00,20,2025-02-21,0.000000000000000,0.000000000000000,NaN,15.000000000000000,900.000000000000000,100.000000000000000,0,0.000000000000000,0.000000000000000
p_k,ALL,2025-02-21 20:00:00,20250221,200000,2025-02-21 20:00:00,20,2025-02-21,1.126380261608333,4.505521046433332,3.158075499836447,15.000000000000000,900.000000000000000,100.000000000000000,1,900.000000000000000,100.000000000000000
p_k,L1,2025-02-21 20:15:00,20250221,201500,2025-02-21 20:15:00,20,2025-02-21,0.000000000000000,0.000000000000000,0.000000000000000,15.000000000000000,900.000000000000000,100.000000000000000,0,366.000000000000000,40.666666666666664
p_k,L2,2025-02-21 20:15:00,20250221,201500,2025-02-21 20:15:00,20,2025-02-21,1.137426493391666,4.549705973566665,4.549705973566667,15.000000000000000,900.000000000000000,100.000000000000000,1,900.000000000000000,100.000000000000000
p_k,L3,2025-02-21 20:15:00,20250221,201500,2025-02-21 20:15:00,20,2025-02-21,0.000000000000000,0.000000000000000,NaN,15.000000000000000,900.000000000000000,100.000000000000000,0,0.000000000000000,0.000000000000000
p_k,ALL,2025-02-21 20:15:00,20250221,201500,2025-02-21 20:15:00,20,2025-02-21,1.137426493391666,4.549705973566665,3.234388132867299,15.000000000000000,900.000000000000000,100.000000000000000,1,900.000000000000000,100.000000000000000
p_k,L1,2025-02-21 20:30:00,20250221,203000,2025-02-21 20:30:00,20,2025-02-21,0.000000000000000,0.000000000000000,0.000000000000000,15.000000000000000,900.000000000000000,100.000000000000000,1,804.000000000000000,89.333333333333329
p_k,L2,2025-02-21 20:30:00,20250221,203000,2025-02-21 20:30:00,20,2025-02-21,0.164127865450000,0.656511461800000,0.656511461800000,15.000000000000000,900.000000000000000,100.000000000000000,1,900.000000000000000,100.000000000000000
p_k,L3,2025-02-21 20:30:00,20250221,203000,2025-02-21 20:30:00,20,2025-02-21,0.000000000000000,0.000000000000000,0.000000000000000,15.000000000000000,900.000000000000000,100.000000000000000,1,732.000000000000000,81.333333333333329
p_k,ALL,2025-02-21 20:30:00,20250221,203000,2025-02-21 20:30:00,20,2025-02-21,0.164127865450000,0.656511461800000,0.242553495738916,15.000000000000000,900.000000000000000,100.000000000000000,1,900.000000000000000,100.000000000000000
p_k,L1,2025-02-21 20:45:00,20250221,204500,2025-02-21 20:45:00,20,2025-02-21,0.000000000000000,0.000000000000000,0.000000000000000,15.000000000000000,900.000000000000000,100.000000000000000,1,900.000000000000000,100.000000000000000
p_k,L2,2025-02-21 20:45:00,20250221,204500,2025-02-21 20:45:00,20,2025-02-21,0.000000000000000,0.000000000000000,0.000000000000000,15.000000000000000,900.000000000000000,100.000000000000000,1,900.000000000000000,100.000000000000000
p_k,L3,2025-02-21 20:45:00,20250221,204500,2025-02-21 20:45:00,20,2025-02-21,0.000000000000000,0.000000000000000,0.000000000000000,15.000000000000000,900.000000000000000,100.000000000000000,1,900.000000000000000,100.000000000000000
p_k,ALL,2025-02-21 20:45:00,20250221,204500,2025-02-21 20:45:00,20,2025-02-21,0.000000000000000,0.000000000000000,0.000000000000000,15.000000000000000,900.000000000000000,100.000000000000000,1,900.000000000000000,100.000000000000000
p_k,L1,2025-02-21 21:00:00,20250221,210000,2025-02-21 21:00:00,21,2025-02-21,0.000004703040000,0.000018812160000,0.000018812160000,15.000000000000000,900.000000000000000,100.000000000000000,1,900.000000000000000,100.000000000000000
p_k,L2,2025-02-21 21:00:00,20250221,210000,2025-02-21 21:00:00,21,2025-02-21,0.000000000000000,0.000000000000000,0.000000000000000,15.000000000000000,900.000000000000000,100.000000000000000,1,900.000000000000000,100.000000000000000
p_k,L3,2025-02-21 21:00:00,20250221,210000,2025-02-21 21:00:00,21,2025-02-21,0.000000000000000,0.000000000000000,0.000000000000000,15.000000000000000,900.000000000000000,100.000000000000000,1,900.000000000000000,100.000000000000000
p_k,ALL,2025-02-21 21:00:00,20250221,210000,2025-02-21 21:00:00,21,2025-02-21,0.000004703040000,0.000018812160000,0.000006270720000,15.000000000000000,900.000000000000000,100.000000000000000,1,900.000000000000000,100.000000000000000
p_k,L1,2025-02-21 21:15:00,20250221,211500,2025-02-21 21:15:00,21,2025-02-21,0.000000000000000,0.000000000000000,0.000000000000000,15.000000000000000,900.000000000000000,100.000000000000000,1,900.000000000000000,100.000000000000000
p_k,L2,2025-02-21 21:15:00,20250221,211500,2025-02-21 21:15:00,21,2025-02-21,0.000000000000000,0.000000000000000,0.000000000000000,15.000000000000000,900.000000000000000,100.000000000000000,1,900.000000000000000,100.000000000000000
p_k,L3,2025-02-21 21:15:00,20250221,211500,2025-02-21 21:15:00,21,2025-02-21,0.000000000000000,0.000000000000000,0.000000000000000,15.000000000000000,900.000000000000000,100.000000000000000,1,900.000000000000000,100.000000000000000
p_k,ALL,2025-02-21 21:15:00,20250221,211500,2025-02-21 21:15:00,21,2025-02-21,0.000000000000000,0.000000000000000,0.000000000000000,15.000000000000000,900.000000000000000,100.000000000000000,1,900.000000000000000,100.000000000000000
p_k,L1,2025-02-21 21:30:00,20250221,213000,2025-02-21 21:30:00,21,2025-02-21,0.000000000000000,0.000000000000000,0.000000000000000,15.000000000000000,900.000000000000000,100.000000000000000,1,900.000000000000000,100.000000000000000
p_k,L2,2025-02-21 21:30:00,20250221,213000,2025-02-21 21:30:00,21,2025-02-21,0.000000000000000,0.000000000000000,0.000000000000000,15.000000000000000,900.000000000000000,100.000000000000000,1,900.000000000000000,100.000000000000000
p_k,L3,2025-02-21 21:30:00,20250221,213000,2025-02-21 21:30:00,21,2025-02-21,0.000000000000000,0.000000000000000,0.000000000000000,15.000000000000000,900.000000000000000,100.000000000000000,1,900.000000000000000,100.000000000000000
p_k,ALL,2025-02-21 21:30:00,20250221,213000,2025-02-21 21:30:00,21,2025-02-21,0.000000000000000,0.000000000000000,0.000000000000000,15.000000000000000,900.000000000000000,100.000000000000000,1,900.000000000000000,100.000000000000000
p_k,L1,2025-02-21 21:45:00,20250221,214500,2025-02-21 21:45:00,21,2025-02-21,0.000000000000000,0.000000000000000,0.000000000000000,15.000000000000000,900.000000000000000,100.000000000000000,1,900.000000000000000,100.000000000000000
p_k,L2,2025-02-21 21:45:00,20250221,214500,2025-02-21 21:45:00,21,2025-02-21,0.000000000000000,0.000000000000000,0.000000000000000,15.000000000000000,900.000000000000000,100.000000000000000,1,900.000000000000000,100.000000000000000
p_k,L3,2025-02-21 21:45:00,20250221,214500,2025-02-21 21:45:00,21,2025-02-21,0.000000000000000,0.000000000000000,0.000000000000000,15.000000000000000,900.000000000000000,100.000000000000000,1,900.000000000000000,100.000000000000000
p_k,ALL,2025-02-21 21:45:00,20250221,214500,2025-02-21 21:45:00,21,2025-02-21,0.000000000000000,0.000000000000000,0.000000000000000,15.000000000000000,900.000000000000000,100.000000000000000,1,900.000000000000000,100.000000000000000
p_k,L1,2025-02-21 22:00:00,20250221,220000,2025-02-21 22:00:00,22,2025-02-21,0.000000000000000,0.000000000000000,0.000000000000000,15.000000000000000,900.000000000000000,100.000000000000000,1,900.000000000000000,100.000000000000000
p_k,L2,2025-02-21 22:00:00,20250221,220000,2025-02-21 22:00:00,22,2025-02-21,0.000000000000000,0.000000000000000,0.000000000000000,15.000000000000000,900.000000000000000,100.000000000000000,1,900.000000000000000,100.000000000000000
p_k,L3,2025-02-21 22:00:00,20250221,220000,2025-02-21 22:00:00,22,2025-02-21,0.000000000000000,0.000000000000000,0.000000000000000,15.000000000000000,900.000000000000000,100.000000000000000,1,900.000000000000000,100.000000000000000
p_k,ALL,2025-02-21 22:00:00,20250221,220000,2025-02-21 22:00:00,22,2025-02-21,0.000000000000000,0.000000000000000,0.000000000000000,15.000000000000000,900.000000000000000,100.000000000000000,1,900.000000000000000,100.000000000000000
p_k,L1,2025-02-21 22:15:00,20250221,221500,2025-02-21 22:15:00,22,2025-02-21,0.000000000000000,0.000000000000000,0.000000000000000,15.000000000000000,900.000000000000000,100.000000000000000,1,900.000000000000000,100.000000000000000
p_k,L2,2025-02-21 22:15:00,20250221,221500,2025-02-21 22:15:00,22,2025-02-21,0.000000000000000,0.000000000000000,0.000000000000000,15.000000000000000,900.000000000000000,100.000000000000000,1,900.000000000000000,100.000000000000000
p_k,L3,2025-02-21 22:15:00,20250221,221500,2025-02-21 22:15:00,22,2025-02-21,0.000001763640000,0.000007054560000,0.000007054560000,15.000000000000000,900.000000000000000,100.000000000000000,1,900.000000000000000,100.000000000000000
p_k,ALL,2025-02-21 22:15:00,20250221,221500,2025-02-21 22:15:00,22,2025-02-21,0.000001763640000,0.000007054560000,0.000002351520000,15.000000000000000,900.000000000000000,100.000000000000000,1,900.000000000000000,100.000000000000000
p_k,L1,2025-02-21 22:30:00,20250221,223000,2025-02-21 22:30:00,22,2025-02-21,0.000000000000000,0.000000000000000,0.000000000000000,15.000000000000000,900.000000000000000,100.000000000000000,1,900.000000000000000,100.000000000000000
p_k,L2,2025-02-21 22:30:00,20250221,223000,2025-02-21 22:30:00,22,2025-02-21,0.000000000000000,0.000000000000000,0.000000000000000,15.000000000000000,900.000000000000000,100.000000000000000,1,900.000000000000000,100.000000000000000
p_k,L3,2025-02-21 22:30:00,20250221,223000,2025-02-21 22:30:00,22,2025-02-21,0.000000000000000,0.000000000000000,0.000000000000000,15.000000000000000,900.000000000000000,100.000000000000000,1,900.000000000000000,100.000000000000000
p_k,ALL,2025-02-21 22:30:00,20250221,223000,2025-02-21 22:30:00,22,2025-02-21,0.000000000000000,0.000000000000000,0.000000000000000,15.000000000000000,900.000000000000000,100.000000000000000,1,900.000000000000000,100.000000000000000
p_k,L1,2025-02-21 22:45:00,20250221,224500,2025-02-21 22:45:00,22,2025-02-21,0.000000000000000,0.000000000000000,0.000000000000000,15.000000000000000,900.000000000000000,100.000000000000000,1,900.000000000000000,100.000000000000000
p_k,L2,2025-02-21 22:45:00,20250221,224500,2025-02-21 22:45:00,22,2025-02-21,0.000001175760000,0.000004703040000,0.000004703040000,15.000000000000000,900.000000000000000,100.000000000000000,1,900.000000000000000,100.000000000000000
p_k,L3,2025-02-21 22:45:00,20250221,224500,2025-02-21 22:45:00,22,2025-02-21,0.000000000000000,0.000000000000000,0.000000000000000,15.000000000000000,900.000000000000000,100.000000000000000,1,900.000000000000000,100.000000000000000
p_k,ALL,2025-02-21 22:45:00,20250221,224500,2025-02-21 22:45:00,22,2025-02-21,0.000001175760000,0.000004703040000,0.000001567680000,15.000000000000000,900.000000000000000,100.000000000000000,1,900.000000000000000,100.000000000000000
p_k,L1,2025-02-21 23:00:00,20250221,230000,2025-02-21 23:00:00,23,2025-02-21,0.000000000000000,0.000000000000000,0.000000000000000,15.000000000000000,900.000000000000000,100.000000000000000,0,612.000000000000000,68.000000000000000
p_k,L2,2025-02-21 23:00:00,20250221,230000,2025-02-21 23:00:00,23,2025-02-21,1.287045296191667,5.148181184766667,5.148181184766665,15.000000000000000,900.000000000000000,100.000000000000000,1,900.000000000000000,100.000000000000000
p_k,L3,2025-02-21 23:00:00,20250221,230000,2025-02-21 23:00:00,23,2025-02-21,0.515461219166666,2.061844876666666,2.132942975862068,15.000000000000000,900.000000000000000,100.000000000000000,1,870.000000000000000,96.666666666666671
p_k,ALL,2025-02-21 23:00:00,20250221,230000,2025-02-21 23:00:00,23,2025-02-21,1.802506515358333,7.210026061433332,2.724191207090680,15.000000000000000,900.000000000000000,100.000000000000000,1,900.000000000000000,100.000000000000000
p_k,L1,2025-02-21 23:15:00,20250221,231500,2025-02-21 23:15:00,23,2025-02-21,0.000000000000000,0.000000000000000,0.000000000000000,15.000000000000000,900.000000000000000,100.000000000000000,0,18.000000000000000,2.000000000000000
p_k,L2,2025-02-21 23:15:00,20250221,231500,2025-02-21 23:15:00,23,2025-02-21,4.145467345391667,16.581869381566669,16.581869381566666,15.000000000000000,900.000000000000000,100.000000000000000,1,900.000000000000000,100.000000000000000
p_k,L3,2025-02-21 23:15:00,20250221,231500,2025-02-21 23:15:00,23,2025-02-21,1.468629851083333,5.874519404333332,7.798034607522125,15.000000000000000,900.000000000000000,100.000000000000000,0,678.000000000000000,75.333333333333329
p_k,ALL,2025-02-21 23:15:00,20250221,231500,2025-02-21 23:15:00,23,2025-02-21,5.614097196475000,22.456388785900000,12.663377134906016,15.000000000000000,900.000000000000000,100.000000000000000,1,900.000000000000000,100.000000000000000
p_k,L1,2025-02-21 23:30:00,20250221,233000,2025-02-21 23:30:00,23,2025-02-21,0.000000000000000,0.000000000000000,NaN,15.000000000000000,900.000000000000000,100.000000000000000,0,0.000000000000000,0.000000000000000
p_k,L2,2025-02-21 23:30:00,20250221,233000,2025-02-21 23:30:00,23,2025-02-21,4.178149341666668,16.712597366666671,16.712597366666671,15.000000000000000,900.000000000000000,100.000000000000000,1,900.000000000000000,100.000000000000000
p_k,L3,2025-02-21 23:30:00,20250221,233000,2025-02-21 23:30:00,23,2025-02-21,0.925287653416667,3.701150613666666,5.312656383253588,15.000000000000000,900.000000000000000,100.000000000000000,0,627.000000000000000,69.666666666666671
p_k,ALL,2025-02-21 23:30:00,20250221,233000,2025-02-21 23:30:00,23,2025-02-21,5.103436995083334,20.413747980333337,12.031678573870336,15.000000000000000,900.000000000000000,100.000000000000000,1,900.000000000000000,100.000000000000000
p_k,L1,2025-02-21 23:45:00,20250221,234500,2025-02-21 23:45:00,23,2025-02-21,0.000116204283333,0.000464817133333,0.034861285000000,15.000000000000000,900.000000000000000,100.000000000000000,0,12.000000000000000,1.333333333333333
p_k,L2,2025-02-21 23:45:00,20250221,234500,2025-02-21 23:45:00,23,2025-02-21,2.833780572049997,11.335122288199987,11.335122288199994,15.000000000000000,900.000000000000000,100.000000000000000,1,900.000000000000000,100.000000000000000
p_k,L3,2025-02-21 23:45:00,20250221,234500,2025-02-21 23:45:00,23,2025-02-21,0.000000000000000,0.000000000000000,NaN,15.000000000000000,900.000000000000000,100.000000000000000,0,0.000000000000000,0.000000000000000
p_k,ALL,2025-02-21 23:45:00,20250221,234500,2025-02-21 23:45:00,23,2025-02-21,2.833896776333330,11.335587105333319,11.186434643421046,15.000000000000000,900.000000000000000,100.000000000000000,1,900.000000000000000,100.000000000000000
