AssetId,Phase,window_start_utc,DateKeyUtc,TimeKeyUtc,WindowStartLocal,HourLocal,DateLocal,Energy_kWh_15m,Demand_kW,AvgPower_kW_15m,Minutes,SecondsObserved,DataCoveragePct,IsReliableWindow,SecondsReliable,ReliableCoveragePct
sb_b,L1,2025-11-21 00:00:00,20251121,0,2025-11-21 00:00:00,0,2025-11-21,1.475877777777778,5.903511111111112,5.910077864293661,14.980000000000000,899.000000000000000,99.888888888888900,1,899.000000000000000,99.888888888888900
sb_b,L2,2025-11-21 00:00:00,20251121,0,2025-11-21 00:00:00,0,2025-11-21,1.195541700000000,4.782166799999999,4.787486229143497,14.980000000000000,899.000000000000000,99.888888888888900,1,899.000000000000000,99.888888888888900
sb_b,L3,2025-11-21 00:00:00,20251121,0,2025-11-21 00:00:00,0,2025-11-21,1.205684038888890,4.822736155555560,4.828100711902111,14.980000000000000,899.000000000000000,99.888888888888900,1,899.000000000000000,99.888888888888900
sb_b,ALL,2025-11-21 00:00:00,20251121,0,2025-11-21 00:00:00,0,2025-11-21,3.877103516666668,15.508414066666671,5.175221601779756,15.000000000000000,900.000000000000000,100.000000000000000,1,900.000000000000000,100.000000000000000
sb_b,L1,2025-11-21 00:15:00,20251121,1500,2025-11-21 00:15:00,0,2025-11-21,1.230508997222223,4.922035988888890,4.922035988888892,15.000000000000000,900.000000000000000,100.000000000000000,1,900.000000000000000,100.000000000000000
sb_b,L2,2025-11-21 00:15:00,20251121,1500,2025-11-21 00:15:00,0,2025-11-21,1.182104072222223,4.728416288888891,4.728416288888886,15.000000000000000,900.000000000000000,100.000000000000000,1,900.000000000000000,100.000000000000000
sb_b,L3,2025-11-21 00:15:00,20251121,1500,2025-11-21 00:15:00,0,2025-11-21,1.205951463888889,4.823805855555557,4.823805855555561,15.000000000000000,900.000000000000000,100.000000000000000,1,900.000000000000000,100.000000000000000
sb_b,ALL,2025-11-21 00:15:00,20251121,1500,2025-11-21 00:15:00,0,2025-11-21,3.618564533333334,14.474258133333338,4.824752711111113,15.000000000000000,900.000000000000000,100.000000000000000,1,900.000000000000000,100.000000000000000
sb_b,L1,2025-11-21 00:30:00,20251121,3000,2025-11-21 00:30:00,0,2025-11-21,1.191865977777778,4.767463911111110,4.767463911111111,15.000000000000000,900.000000000000000,100.000000000000000,1,900.000000000000000,100.000000000000000
sb_b,L2,2025-11-21 00:30:00,20251121,3000,2025-11-21 00:30:00,0,2025-11-21,1.102097652777777,4.408390611111110,4.408390611111112,15.000000000000000,900.000000000000000,100.000000000000000,1,900.000000000000000,100.000000000000000
sb_b,L3,2025-11-21 00:30:00,20251121,3000,2025-11-21 00:30:00,0,2025-11-21,1.207522536111111,4.830090144444444,4.830090144444447,15.000000000000000,900.000000000000000,100.000000000000000,1,900.000000000000000,100.000000000000000
sb_b,ALL,2025-11-21 00:30:00,20251121,3000,2025-11-21 00:30:00,0,2025-11-21,3.501486166666666,14.005944666666664,4.668648222222223,15.000000000000000,900.000000000000000,100.000000000000000,1,900.000000000000000,100.000000000000000
sb_b,L1,2025-11-21 00:45:00,20251121,4500,2025-11-21 00:45:00,0,2025-11-21,1.198303186111112,4.793212744444446,4.793212744444445,15.000000000000000,900.000000000000000,100.000000000000000,1,900.000000000000000,100.000000000000000
sb_b,L2,2025-11-21 00:45:00,20251121,4500,2025-11-21 00:45:00,0,2025-11-21,1.082299369444444,4.329197477777777,4.329197477777775,15.000000000000000,900.000000000000000,100.000000000000000,1,900.000000000000000,100.000000000000000
sb_b,L3,2025-11-21 00:45:00,20251121,4500,2025-11-21 00:45:00,0,2025-11-21,1.205944516666667,4.823778066666669,4.823778066666667,15.000000000000000,900.000000000000000,100.000000000000000,1,900.000000000000000,100.000000000000000
sb_b,ALL,2025-11-21 00:45:00,20251121,4500,2025-11-21 00:45:00,0,2025-11-21,3.486547072222223,13.946188288888891,4.648729429629629,15.000000000000000,900.000000000000000,100.000000000000000,1,900.000000000000000,100.000000000000000
sb_b,L1,2025-11-21 01:00:00,20251121,10000,2025-11-21 01:00:00,1,2025-11-21,1.183551350000000,4.734205400000000,4.734205399999999,15.000000000000000,900.000000000000000,100.000000000000000,1,900.000000000000000,100.000000000000000
sb_b,L2,2025-11-21 01:00:00,20251121,10000,2025-11-21 01:00:00,1,2025-11-21,1.092418663888890,4.369674655555559,4.369674655555552,15.000000000000000,900.000000000000000,100.000000000000000,1,900.000000000000000,100.000000000000000
sb_b,L3,2025-11-21 01:00:00,20251121,10000,2025-11-21 01:00:00,1,2025-11-21,1.199949100000001,4.799796400000003,4.799796400000001,15.000000000000000,900.000000000000000,100.000000000000000,1,900.000000000000000,100.000000000000000
sb_b,ALL,2025-11-21 01:00:00,20251121,10000,2025-11-21 01:00:00,1,2025-11-21,3.475919113888891,13.903676455555562,4.634558818518517,15.000000000000000,900.000000000000000,100.000000000000000,1,900.000000000000000,100.000000000000000
sb_b,L1,2025-11-21 01:15:00,20251121,11500,2025-11-21 01:15:00,1,2025-11-21,1.182576536111111,4.730306144444443,4.730306144444445,15.000000000000000,900.000000000000000,100.000000000000000,1,900.000000000000000,100.000000000000000
sb_b,L2,2025-11-21 01:15:00,20251121,11500,2025-11-21 01:15:00,1,2025-11-21,1.091875233333334,4.367500933333336,4.367500933333331,15.000000000000000,900.000000000000000,100.000000000000000,1,900.000000000000000,100.000000000000000
sb_b,L3,2025-11-21 01:15:00,20251121,11500,2025-11-21 01:15:00,1,2025-11-21,1.205037275000000,4.820149100000001,4.820149100000000,15.000000000000000,900.000000000000000,100.000000000000000,1,900.000000000000000,100.000000000000000
sb_b,ALL,2025-11-21 01:15:00,20251121,11500,2025-11-21 01:15:00,1,2025-11-21,3.479489044444445,13.917956177777780,4.639318725925925,15.000000000000000,900.000000000000000,100.000000000000000,1,900.000000000000000,100.000000000000000
sb_b,L1,2025-11-21 01:30:00,20251121,13000,2025-11-21 01:30:00,1,2025-11-21,1.172338175000000,4.689352700000000,4.689352699999997,15.000000000000000,900.000000000000000,100.000000000000000,1,900.000000000000000,100.000000000000000
sb_b,L2,2025-11-21 01:30:00,20251121,13000,2025-11-21 01:30:00,1,2025-11-21,1.107711730555555,4.430846922222220,4.430846922222223,15.000000000000000,900.000000000000000,100.000000000000000,1,900.000000000000000,100.000000000000000
sb_b,L3,2025-11-21 01:30:00,20251121,13000,2025-11-21 01:30:00,1,2025-11-21,1.199603966666666,4.798415866666666,4.798415866666664,15.000000000000000,900.000000000000000,100.000000000000000,1,900.000000000000000,100.000000000000000
sb_b,ALL,2025-11-21 01:30:00,20251121,13000,2025-11-21 01:30:00,1,2025-11-21,3.479653872222221,13.918615488888886,4.639538496296295,15.000000000000000,900.000000000000000,100.000000000000000,1,900.000000000000000,100.000000000000000
sb_b,L1,2025-11-21 01:45:00,20251121,14500,2025-11-21 01:45:00,1,2025-11-21,1.175494172222222,4.701976688888887,4.701976688888890,15.000000000000000,900.000000000000000,100.000000000000000,1,900.000000000000000,100.000000000000000
sb_b,L2,2025-11-21 01:45:00,20251121,14500,2025-11-21 01:45:00,1,2025-11-21,1.102143247222223,4.408572988888891,4.408572988888888,15.000000000000000,900.000000000000000,100.000000000000000,1,900.000000000000000,100.000000000000000
sb_b,L3,2025-11-21 01:45:00,20251121,14500,2025-11-21 01:45:00,1,2025-11-21,1.197633180555556,4.790532722222224,4.790532722222221,15.000000000000000,900.000000000000000,100.000000000000000,1,900.000000000000000,100.000000000000000
sb_b,ALL,2025-11-21 01:45:00,20251121,14500,2025-11-21 01:45:00,1,2025-11-21,3.475270600000001,13.901082400000004,4.633694133333333,15.000000000000000,900.000000000000000,100.000000000000000,1,900.000000000000000,100.000000000000000
sb_b,L1,2025-11-21 02:00:00,20251121,20000,2025-11-21 02:00:00,2,2025-11-21,1.165543255555556,4.662173022222222,4.662173022222224,15.000000000000000,900.000000000000000,100.000000000000000,1,900.000000000000000,100.000000000000000
sb_b,L2,2025-11-21 02:00:00,20251121,20000,2025-11-21 02:00:00,2,2025-11-21,1.103044802777778,4.412179211111113,4.412179211111112,15.000000000000000,900.000000000000000,100.000000000000000,1,900.000000000000000,100.000000000000000
sb_b,L3,2025-11-21 02:00:00,20251121,20000,2025-11-21 02:00:00,2,2025-11-21,1.199606238888888,4.798424955555553,4.798424955555558,15.000000000000000,900.000000000000000,100.000000000000000,1,900.000000000000000,100.000000000000000
sb_b,ALL,2025-11-21 02:00:00,20251121,20000,2025-11-21 02:00:00,2,2025-11-21,3.468194297222222,13.872777188888890,4.624259062962965,15.000000000000000,900.000000000000000,100.000000000000000,1,900.000000000000000,100.000000000000000
sb_b,L1,2025-11-21 02:15:00,20251121,21500,2025-11-21 02:15:00,2,2025-11-21,1.178145502777778,4.712582011111113,4.712582011111112,15.000000000000000,900.000000000000000,100.000000000000000,1,900.000000000000000,100.000000000000000
sb_b,L2,2025-11-21 02:15:00,20251121,21500,2025-11-21 02:15:00,2,2025-11-21,1.093478736111112,4.373914944444447,4.373914944444443,15.000000000000000,900.000000000000000,100.000000000000000,1,900.000000000000000,100.000000000000000
sb_b,L3,2025-11-21 02:15:00,20251121,21500,2025-11-21 02:15:00,2,2025-11-21,1.194531905555556,4.778127622222223,4.778127622222218,15.000000000000000,900.000000000000000,100.000000000000000,1,900.000000000000000,100.000000000000000
sb_b,ALL,2025-11-21 02:15:00,20251121,21500,2025-11-21 02:15:00,2,2025-11-21,3.466156144444446,13.864624577777782,4.621541525925924,15.000000000000000,900.000000000000000,100.000000000000000,1,900.000000000000000,100.000000000000000
sb_b,L1,2025-11-21 02:30:00,20251121,23000,2025-11-21 02:30:00,2,2025-11-21,1.158065625000001,4.632262500000004,4.632262499999997,15.000000000000000,900.000000000000000,100.000000000000000,1,900.000000000000000,100.000000000000000
sb_b,L2,2025-11-21 02:30:00,20251121,23000,2025-11-21 02:30:00,2,2025-11-21,1.101824958333333,4.407299833333333,4.407299833333331,15.000000000000000,900.000000000000000,100.000000000000000,1,900.000000000000000,100.000000000000000
sb_b,L3,2025-11-21 02:30:00,20251121,23000,2025-11-21 02:30:00,2,2025-11-21,1.199296936111111,4.797187744444446,4.797187744444448,15.000000000000000,900.000000000000000,100.000000000000000,1,900.000000000000000,100.000000000000000
sb_b,ALL,2025-11-21 02:30:00,20251121,23000,2025-11-21 02:30:00,2,2025-11-21,3.459187519444446,13.836750077777783,4.612250025925925,15.000000000000000,900.000000000000000,100.000000000000000,1,900.000000000000000,100.000000000000000
sb_b,L1,2025-11-21 02:45:00,20251121,24500,2025-11-21 02:45:00,2,2025-11-21,1.148776433333333,4.595105733333334,4.595105733333336,15.000000000000000,900.000000000000000,100.000000000000000,1,900.000000000000000,100.000000000000000
sb_b,L2,2025-11-21 02:45:00,20251121,24500,2025-11-21 02:45:00,2,2025-11-21,1.057274641666667,4.229098566666668,4.229098566666671,15.000000000000000,900.000000000000000,100.000000000000000,1,900.000000000000000,100.000000000000000
sb_b,L3,2025-11-21 02:45:00,20251121,24500,2025-11-21 02:45:00,2,2025-11-21,1.212571266666665,4.850285066666661,4.850285066666666,15.000000000000000,900.000000000000000,100.000000000000000,1,900.000000000000000,100.000000000000000
sb_b,ALL,2025-11-21 02:45:00,20251121,24500,2025-11-21 02:45:00,2,2025-11-21,3.418622341666666,13.674489366666663,4.558163122222225,15.000000000000000,900.000000000000000,100.000000000000000,1,900.000000000000000,100.000000000000000
sb_b,L1,2025-11-21 03:00:00,20251121,30000,2025-11-21 03:00:00,3,2025-11-21,1.149083786111111,4.596335144444444,4.596335144444443,15.000000000000000,900.000000000000000,100.000000000000000,1,900.000000000000000,100.000000000000000
sb_b,L2,2025-11-21 03:00:00,20251121,30000,2025-11-21 03:00:00,3,2025-11-21,1.056403391666666,4.225613566666663,4.225613566666668,15.000000000000000,900.000000000000000,100.000000000000000,1,900.000000000000000,100.000000000000000
sb_b,L3,2025-11-21 03:00:00,20251121,30000,2025-11-21 03:00:00,3,2025-11-21,1.215189644444444,4.860758577777776,4.860758577777778,15.000000000000000,900.000000000000000,100.000000000000000,1,900.000000000000000,100.000000000000000
sb_b,ALL,2025-11-21 03:00:00,20251121,30000,2025-11-21 03:00:00,3,2025-11-21,3.420676822222221,13.682707288888883,4.560902429629630,15.000000000000000,900.000000000000000,100.000000000000000,1,900.000000000000000,100.000000000000000
sb_b,L1,2025-11-21 03:15:00,20251121,31500,2025-11-21 03:15:00,3,2025-11-21,1.158732411111110,4.634929644444441,4.634929644444445,15.000000000000000,900.000000000000000,100.000000000000000,1,900.000000000000000,100.000000000000000
sb_b,L2,2025-11-21 03:15:00,20251121,31500,2025-11-21 03:15:00,3,2025-11-21,1.055079177777776,4.220316711111106,4.220316711111109,15.000000000000000,900.000000000000000,100.000000000000000,1,900.000000000000000,100.000000000000000
sb_b,L3,2025-11-21 03:15:00,20251121,31500,2025-11-21 03:15:00,3,2025-11-21,1.204635919444445,4.818543677777780,4.818543677777778,15.000000000000000,900.000000000000000,100.000000000000000,1,900.000000000000000,100.000000000000000
sb_b,ALL,2025-11-21 03:15:00,20251121,31500,2025-11-21 03:15:00,3,2025-11-21,3.418447508333331,13.673790033333326,4.557930011111111,15.000000000000000,900.000000000000000,100.000000000000000,1,900.000000000000000,100.000000000000000
sb_b,L1,2025-11-21 03:30:00,20251121,33000,2025-11-21 03:30:00,3,2025-11-21,1.176594519444443,4.706378077777773,4.706378077777777,15.000000000000000,900.000000000000000,100.000000000000000,1,900.000000000000000,100.000000000000000
sb_b,L2,2025-11-21 03:30:00,20251121,33000,2025-11-21 03:30:00,3,2025-11-21,1.039286725000000,4.157146900000001,4.157146900000000,15.000000000000000,900.000000000000000,100.000000000000000,1,900.000000000000000,100.000000000000000
sb_b,L3,2025-11-21 03:30:00,20251121,33000,2025-11-21 03:30:00,3,2025-11-21,1.196720713888888,4.786882855555553,4.786882855555550,15.000000000000000,900.000000000000000,100.000000000000000,1,900.000000000000000,100.000000000000000
sb_b,ALL,2025-11-21 03:30:00,20251121,33000,2025-11-21 03:30:00,3,2025-11-21,3.412601958333331,13.650407833333325,4.550135944444442,15.000000000000000,900.000000000000000,100.000000000000000,1,900.000000000000000,100.000000000000000
sb_b,L1,2025-11-21 03:45:00,20251121,34500,2025-11-21 03:45:00,3,2025-11-21,1.146494994444444,4.585979977777778,4.585979977777778,15.000000000000000,900.000000000000000,100.000000000000000,1,900.000000000000000,100.000000000000000
sb_b,L2,2025-11-21 03:45:00,20251121,34500,2025-11-21 03:45:00,3,2025-11-21,1.049282769444445,4.197131077777779,4.197131077777783,15.000000000000000,900.000000000000000,100.000000000000000,1,900.000000000000000,100.000000000000000
sb_b,L3,2025-11-21 03:45:00,20251121,34500,2025-11-21 03:45:00,3,2025-11-21,1.205716930555556,4.822867722222224,4.822867722222226,15.000000000000000,900.000000000000000,100.000000000000000,1,900.000000000000000,100.000000000000000
sb_b,ALL,2025-11-21 03:45:00,20251121,34500,2025-11-21 03:45:00,3,2025-11-21,3.401494694444446,13.605978777777782,4.535326259259262,15.000000000000000,900.000000000000000,100.000000000000000,1,900.000000000000000,100.000000000000000
sb_b,L1,2025-11-21 04:00:00,20251121,40000,2025-11-21 04:00:00,4,2025-11-21,1.135891966666667,4.543567866666667,4.543567866666667,15.000000000000000,900.000000000000000,100.000000000000000,1,900.000000000000000,100.000000000000000
sb_b,L2,2025-11-21 04:00:00,20251121,40000,2025-11-21 04:00:00,4,2025-11-21,1.059363561111111,4.237454244444445,4.237454244444445,15.000000000000000,900.000000000000000,100.000000000000000,1,900.000000000000000,100.000000000000000
sb_b,L3,2025-11-21 04:00:00,20251121,40000,2025-11-21 04:00:00,4,2025-11-21,1.206161925000000,4.824647700000002,4.824647700000002,15.000000000000000,900.000000000000000,100.000000000000000,1,900.000000000000000,100.000000000000000
sb_b,ALL,2025-11-21 04:00:00,20251121,40000,2025-11-21 04:00:00,4,2025-11-21,3.401417452777778,13.605669811111113,4.535223270370372,15.000000000000000,900.000000000000000,100.000000000000000,1,900.000000000000000,100.000000000000000
sb_b,L1,2025-11-21 04:15:00,20251121,41500,2025-11-21 04:15:00,4,2025-11-21,1.148657736111111,4.594630944444446,4.594630944444447,15.000000000000000,900.000000000000000,100.000000000000000,1,900.000000000000000,100.000000000000000
sb_b,L2,2025-11-21 04:15:00,20251121,41500,2025-11-21 04:15:00,4,2025-11-21,1.053129758333333,4.212519033333334,4.212519033333334,15.000000000000000,900.000000000000000,100.000000000000000,1,900.000000000000000,100.000000000000000
sb_b,L3,2025-11-21 04:15:00,20251121,41500,2025-11-21 04:15:00,4,2025-11-21,1.200880672222222,4.803522688888888,4.803522688888891,15.000000000000000,900.000000000000000,100.000000000000000,1,900.000000000000000,100.000000000000000
sb_b,ALL,2025-11-21 04:15:00,20251121,41500,2025-11-21 04:15:00,4,2025-11-21,3.402668166666667,13.610672666666668,4.536890888888890,15.000000000000000,900.000000000000000,100.000000000000000,1,900.000000000000000,100.000000000000000
sb_b,L1,2025-11-21 04:30:00,20251121,43000,2025-11-21 04:30:00,4,2025-11-21,1.147652144444445,4.590608577777779,4.590608577777775,15.000000000000000,900.000000000000000,100.000000000000000,1,900.000000000000000,100.000000000000000
sb_b,L2,2025-11-21 04:30:00,20251121,43000,2025-11-21 04:30:00,4,2025-11-21,1.053566291666667,4.214265166666667,4.214265166666666,15.000000000000000,900.000000000000000,100.000000000000000,1,900.000000000000000,100.000000000000000
sb_b,L3,2025-11-21 04:30:00,20251121,43000,2025-11-21 04:30:00,4,2025-11-21,1.199828297222223,4.799313188888891,4.799313188888888,15.000000000000000,900.000000000000000,100.000000000000000,1,900.000000000000000,100.000000000000000
sb_b,ALL,2025-11-21 04:30:00,20251121,43000,2025-11-21 04:30:00,4,2025-11-21,3.401046733333335,13.604186933333338,4.534728977777776,15.000000000000000,900.000000000000000,100.000000000000000,1,900.000000000000000,100.000000000000000
sb_b,L1,2025-11-21 04:45:00,20251121,44500,2025-11-21 04:45:00,4,2025-11-21,1.147267438888888,4.589069755555553,4.589069755555556,15.000000000000000,900.000000000000000,100.000000000000000,1,900.000000000000000,100.000000000000000
sb_b,L2,2025-11-21 04:45:00,20251121,44500,2025-11-21 04:45:00,4,2025-11-21,1.053295344444444,4.213181377777777,4.213181377777778,15.000000000000000,900.000000000000000,100.000000000000000,1,900.000000000000000,100.000000000000000
sb_b,L3,2025-11-21 04:45:00,20251121,44500,2025-11-21 04:45:00,4,2025-11-21,1.200672713888889,4.802690855555555,4.802690855555553,15.000000000000000,900.000000000000000,100.000000000000000,1,900.000000000000000,100.000000000000000
sb_b,ALL,2025-11-21 04:45:00,20251121,44500,2025-11-21 04:45:00,4,2025-11-21,3.401235497222221,13.604941988888882,4.534980662962963,15.000000000000000,900.000000000000000,100.000000000000000,1,900.000000000000000,100.000000000000000
sb_b,L1,2025-11-21 05:00:00,20251121,50000,2025-11-21 05:00:00,5,2025-11-21,1.143203286111111,4.572813144444445,4.572813144444440,15.000000000000000,900.000000000000000,100.000000000000000,1,900.000000000000000,100.000000000000000
sb_b,L2,2025-11-21 05:00:00,20251121,50000,2025-11-21 05:00:00,5,2025-11-21,1.047123405555556,4.188493622222224,4.188493622222226,15.000000000000000,900.000000000000000,100.000000000000000,1,900.000000000000000,100.000000000000000
sb_b,L3,2025-11-21 05:00:00,20251121,50000,2025-11-21 05:00:00,5,2025-11-21,1.200944530555556,4.803778122222224,4.803778122222225,15.000000000000000,900.000000000000000,100.000000000000000,1,900.000000000000000,100.000000000000000
sb_b,ALL,2025-11-21 05:00:00,20251121,50000,2025-11-21 05:00:00,5,2025-11-21,3.391271222222223,13.565084888888894,4.521694962962964,15.000000000000000,900.000000000000000,100.000000000000000,1,900.000000000000000,100.000000000000000
sb_b,L1,2025-11-21 05:15:00,20251121,51500,2025-11-21 05:15:00,5,2025-11-21,1.162009644444445,4.648038577777778,4.648038577777774,15.000000000000000,900.000000000000000,100.000000000000000,1,900.000000000000000,100.000000000000000
sb_b,L2,2025-11-21 05:15:00,20251121,51500,2025-11-21 05:15:00,5,2025-11-21,1.041107927777778,4.164431711111113,4.164431711111113,15.000000000000000,900.000000000000000,100.000000000000000,1,900.000000000000000,100.000000000000000
sb_b,L3,2025-11-21 05:15:00,20251121,51500,2025-11-21 05:15:00,5,2025-11-21,1.191543994444445,4.766175977777780,4.766175977777777,15.000000000000000,900.000000000000000,100.000000000000000,1,900.000000000000000,100.000000000000000
sb_b,ALL,2025-11-21 05:15:00,20251121,51500,2025-11-21 05:15:00,5,2025-11-21,3.394661566666668,13.578646266666670,4.526215422222221,15.000000000000000,900.000000000000000,100.000000000000000,1,900.000000000000000,100.000000000000000
sb_b,L1,2025-11-21 05:30:00,20251121,53000,2025-11-21 05:30:00,5,2025-11-21,1.170765597222222,4.683062388888890,4.683062388888890,15.000000000000000,900.000000000000000,100.000000000000000,1,900.000000000000000,100.000000000000000
sb_b,L2,2025-11-21 05:30:00,20251121,53000,2025-11-21 05:30:00,5,2025-11-21,1.032257063888889,4.129028255555556,4.129028255555555,15.000000000000000,900.000000000000000,100.000000000000000,1,900.000000000000000,100.000000000000000
sb_b,L3,2025-11-21 05:30:00,20251121,53000,2025-11-21 05:30:00,5,2025-11-21,1.192245713888889,4.768982855555556,4.768982855555556,15.000000000000000,900.000000000000000,100.000000000000000,1,900.000000000000000,100.000000000000000
sb_b,ALL,2025-11-21 05:30:00,20251121,53000,2025-11-21 05:30:00,5,2025-11-21,3.395268375000001,13.581073500000002,4.527024500000000,15.000000000000000,900.000000000000000,100.000000000000000,1,900.000000000000000,100.000000000000000
sb_b,L1,2025-11-21 05:45:00,20251121,54500,2025-11-21 05:45:00,5,2025-11-21,1.213305352777777,4.853221411111108,4.853221411111111,15.000000000000000,900.000000000000000,100.000000000000000,1,900.000000000000000,100.000000000000000
sb_b,L2,2025-11-21 05:45:00,20251121,54500,2025-11-21 05:45:00,5,2025-11-21,1.050478666666667,4.201914666666669,4.201914666666665,15.000000000000000,900.000000000000000,100.000000000000000,1,900.000000000000000,100.000000000000000
sb_b,L3,2025-11-21 05:45:00,20251121,54500,2025-11-21 05:45:00,5,2025-11-21,1.193992472222223,4.775969888888892,4.775969888888890,15.000000000000000,900.000000000000000,100.000000000000000,1,900.000000000000000,100.000000000000000
sb_b,ALL,2025-11-21 05:45:00,20251121,54500,2025-11-21 05:45:00,5,2025-11-21,3.457776491666667,13.831105966666669,4.610368655555555,15.000000000000000,900.000000000000000,100.000000000000000,1,900.000000000000000,100.000000000000000
sb_b,L1,2025-11-21 06:00:00,20251121,60000,2025-11-21 06:00:00,6,2025-11-21,2.118073827777778,8.472295311111113,8.472295311111111,15.000000000000000,900.000000000000000,100.000000000000000,1,900.000000000000000,100.000000000000000
sb_b,L2,2025-11-21 06:00:00,20251121,60000,2025-11-21 06:00:00,6,2025-11-21,1.207122269444445,4.828489077777778,4.828489077777779,15.000000000000000,900.000000000000000,100.000000000000000,1,900.000000000000000,100.000000000000000
sb_b,L3,2025-11-21 06:00:00,20251121,60000,2025-11-21 06:00:00,6,2025-11-21,1.210990555555557,4.843962222222227,4.843962222222226,15.000000000000000,900.000000000000000,100.000000000000000,1,900.000000000000000,100.000000000000000
sb_b,ALL,2025-11-21 06:00:00,20251121,60000,2025-11-21 06:00:00,6,2025-11-21,4.536186652777779,18.144746611111117,6.048248870370372,15.000000000000000,900.000000000000000,100.000000000000000,1,900.000000000000000,100.000000000000000
sb_b,L1,2025-11-21 06:15:00,20251121,61500,2025-11-21 06:15:00,6,2025-11-21,2.099440102777778,8.397760411111113,8.397760411111113,15.000000000000000,900.000000000000000,100.000000000000000,1,900.000000000000000,100.000000000000000
sb_b,L2,2025-11-21 06:15:00,20251121,61500,2025-11-21 06:15:00,6,2025-11-21,1.201434233333334,4.805736933333336,4.805736933333331,15.000000000000000,900.000000000000000,100.000000000000000,1,900.000000000000000,100.000000000000000
sb_b,L3,2025-11-21 06:15:00,20251121,61500,2025-11-21 06:15:00,6,2025-11-21,1.211213297222222,4.844853188888888,4.844853188888893,15.000000000000000,900.000000000000000,100.000000000000000,1,900.000000000000000,100.000000000000000
sb_b,ALL,2025-11-21 06:15:00,20251121,61500,2025-11-21 06:15:00,6,2025-11-21,4.512087633333334,18.048350533333334,6.016116844444446,15.000000000000000,900.000000000000000,100.000000000000000,1,900.000000000000000,100.000000000000000
sb_b,L1,2025-11-21 06:30:00,20251121,63000,2025-11-21 06:30:00,6,2025-11-21,2.238602613888888,8.954410455555552,8.954410455555553,15.000000000000000,900.000000000000000,100.000000000000000,1,900.000000000000000,100.000000000000000
sb_b,L2,2025-11-21 06:30:00,20251121,63000,2025-11-21 06:30:00,6,2025-11-21,1.223284938888890,4.893139755555559,4.893139755555554,15.000000000000000,900.000000000000000,100.000000000000000,1,900.000000000000000,100.000000000000000
sb_b,L3,2025-11-21 06:30:00,20251121,63000,2025-11-21 06:30:00,6,2025-11-21,1.227182272222222,4.908729088888888,4.908729088888888,15.000000000000000,900.000000000000000,100.000000000000000,1,900.000000000000000,100.000000000000000
sb_b,ALL,2025-11-21 06:30:00,20251121,63000,2025-11-21 06:30:00,6,2025-11-21,4.689069825000000,18.756279299999999,6.252093099999999,15.000000000000000,900.000000000000000,100.000000000000000,1,900.000000000000000,100.000000000000000
sb_b,L1,2025-11-21 06:45:00,20251121,64500,2025-11-21 06:45:00,6,2025-11-21,2.089358013888889,8.357432055555558,8.357432055555558,15.000000000000000,900.000000000000000,100.000000000000000,1,900.000000000000000,100.000000000000000
sb_b,L2,2025-11-21 06:45:00,20251121,64500,2025-11-21 06:45:00,6,2025-11-21,1.217694799999999,4.870779199999998,4.870779199999999,15.000000000000000,900.000000000000000,100.000000000000000,1,900.000000000000000,100.000000000000000
sb_b,L3,2025-11-21 06:45:00,20251121,64500,2025-11-21 06:45:00,6,2025-11-21,1.213798866666666,4.855195466666665,4.855195466666669,15.000000000000000,900.000000000000000,100.000000000000000,1,900.000000000000000,100.000000000000000
sb_b,ALL,2025-11-21 06:45:00,20251121,64500,2025-11-21 06:45:00,6,2025-11-21,4.520851680555555,18.083406722222222,6.027802240740741,15.000000000000000,900.000000000000000,100.000000000000000,1,900.000000000000000,100.000000000000000
sb_b,L1,2025-11-21 07:00:00,20251121,70000,2025-11-21 07:00:00,7,2025-11-21,2.333042619444444,9.332170477777776,9.332170477777778,15.000000000000000,900.000000000000000,100.000000000000000,1,900.000000000000000,100.000000000000000
sb_b,L2,2025-11-21 07:00:00,20251121,70000,2025-11-21 07:00:00,7,2025-11-21,1.242764819444444,4.971059277777777,4.971059277777776,15.000000000000000,900.000000000000000,100.000000000000000,1,900.000000000000000,100.000000000000000
sb_b,L3,2025-11-21 07:00:00,20251121,70000,2025-11-21 07:00:00,7,2025-11-21,1.265960713888888,5.063842855555554,5.063842855555555,15.000000000000000,900.000000000000000,100.000000000000000,1,900.000000000000000,100.000000000000000
sb_b,ALL,2025-11-21 07:00:00,20251121,70000,2025-11-21 07:00:00,7,2025-11-21,4.841768152777776,19.367072611111105,6.455690870370369,15.000000000000000,900.000000000000000,100.000000000000000,1,900.000000000000000,100.000000000000000
sb_b,L1,2025-11-21 07:15:00,20251121,71500,2025-11-21 07:15:00,7,2025-11-21,2.558594580555554,10.234378322222216,10.234378322222224,15.000000000000000,900.000000000000000,100.000000000000000,1,900.000000000000000,100.000000000000000
sb_b,L2,2025-11-21 07:15:00,20251121,71500,2025-11-21 07:15:00,7,2025-11-21,1.243302680555555,4.973210722222221,4.973210722222217,15.000000000000000,900.000000000000000,100.000000000000000,1,900.000000000000000,100.000000000000000
sb_b,L3,2025-11-21 07:15:00,20251121,71500,2025-11-21 07:15:00,7,2025-11-21,1.282635255555557,5.130541022222227,5.130541022222221,15.000000000000000,900.000000000000000,100.000000000000000,1,900.000000000000000,100.000000000000000
sb_b,ALL,2025-11-21 07:15:00,20251121,71500,2025-11-21 07:15:00,7,2025-11-21,5.084532516666666,20.338130066666665,6.779376688888886,15.000000000000000,900.000000000000000,100.000000000000000,1,900.000000000000000,100.000000000000000
sb_b,L1,2025-11-21 07:30:00,20251121,73000,2025-11-21 07:30:00,7,2025-11-21,2.550531911111110,10.202127644444440,10.202127644444440,15.000000000000000,900.000000000000000,100.000000000000000,1,900.000000000000000,100.000000000000000
sb_b,L2,2025-11-21 07:30:00,20251121,73000,2025-11-21 07:30:00,7,2025-11-21,1.246537872222222,4.986151488888887,4.986151488888891,15.000000000000000,900.000000000000000,100.000000000000000,1,900.000000000000000,100.000000000000000
sb_b,L3,2025-11-21 07:30:00,20251121,73000,2025-11-21 07:30:00,7,2025-11-21,1.288887519444445,5.155550077777780,5.155550077777774,15.000000000000000,900.000000000000000,100.000000000000000,1,900.000000000000000,100.000000000000000
sb_b,ALL,2025-11-21 07:30:00,20251121,73000,2025-11-21 07:30:00,7,2025-11-21,5.085957302777777,20.343829211111107,6.781276403703703,15.000000000000000,900.000000000000000,100.000000000000000,1,900.000000000000000,100.000000000000000
sb_b,L1,2025-11-21 07:45:00,20251121,74500,2025-11-21 07:45:00,7,2025-11-21,2.543596269444444,10.174385077777776,10.174385077777780,15.000000000000000,900.000000000000000,100.000000000000000,1,900.000000000000000,100.000000000000000
sb_b,L2,2025-11-21 07:45:00,20251121,74500,2025-11-21 07:45:00,7,2025-11-21,1.243755425000000,4.975021699999998,4.975021700000004,15.000000000000000,900.000000000000000,100.000000000000000,1,900.000000000000000,100.000000000000000
sb_b,L3,2025-11-21 07:45:00,20251121,74500,2025-11-21 07:45:00,7,2025-11-21,1.273532038888888,5.094128155555551,5.094128155555555,15.000000000000000,900.000000000000000,100.000000000000000,1,900.000000000000000,100.000000000000000
sb_b,ALL,2025-11-21 07:45:00,20251121,74500,2025-11-21 07:45:00,7,2025-11-21,5.060883733333331,20.243534933333326,6.747844977777779,15.000000000000000,900.000000000000000,100.000000000000000,1,900.000000000000000,100.000000000000000
sb_b,L1,2025-11-21 08:00:00,20251121,80000,2025-11-21 08:00:00,8,2025-11-21,2.582486286111112,10.329945144444446,10.329945144444451,15.000000000000000,900.000000000000000,100.000000000000000,1,900.000000000000000,100.000000000000000
sb_b,L2,2025-11-21 08:00:00,20251121,80000,2025-11-21 08:00:00,8,2025-11-21,1.183583250000000,4.734333000000000,4.734333000000001,15.000000000000000,900.000000000000000,100.000000000000000,1,900.000000000000000,100.000000000000000
sb_b,L3,2025-11-21 08:00:00,20251121,80000,2025-11-21 08:00:00,8,2025-11-21,1.187593344444445,4.750373377777779,4.750373377777781,15.000000000000000,900.000000000000000,100.000000000000000,1,900.000000000000000,100.000000000000000
sb_b,ALL,2025-11-21 08:00:00,20251121,80000,2025-11-21 08:00:00,8,2025-11-21,4.953662880555556,19.814651522222224,6.604883840740745,15.000000000000000,900.000000000000000,100.000000000000000,1,900.000000000000000,100.000000000000000
sb_b,L1,2025-11-21 08:15:00,20251121,81500,2025-11-21 08:15:00,8,2025-11-21,2.654240986111112,10.616963944444448,10.616963944444445,15.000000000000000,900.000000000000000,100.000000000000000,1,900.000000000000000,100.000000000000000
sb_b,L2,2025-11-21 08:15:00,20251121,81500,2025-11-21 08:15:00,8,2025-11-21,1.148212091666665,4.592848366666661,4.592848366666666,15.000000000000000,900.000000000000000,100.000000000000000,1,900.000000000000000,100.000000000000000
sb_b,L3,2025-11-21 08:15:00,20251121,81500,2025-11-21 08:15:00,8,2025-11-21,1.146787200000000,4.587148800000000,4.587148799999999,15.000000000000000,900.000000000000000,100.000000000000000,1,900.000000000000000,100.000000000000000
sb_b,ALL,2025-11-21 08:15:00,20251121,81500,2025-11-21 08:15:00,8,2025-11-21,4.949240277777777,19.796961111111109,6.598987037037037,15.000000000000000,900.000000000000000,100.000000000000000,1,900.000000000000000,100.000000000000000
sb_b,L1,2025-11-21 08:30:00,20251121,83000,2025-11-21 08:30:00,8,2025-11-21,2.615173266666669,10.460693066666675,10.460693066666668,15.000000000000000,900.000000000000000,100.000000000000000,1,900.000000000000000,100.000000000000000
sb_b,L2,2025-11-21 08:30:00,20251121,83000,2025-11-21 08:30:00,8,2025-11-21,1.139095875000000,4.556383499999998,4.556383500000002,15.000000000000000,900.000000000000000,100.000000000000000,1,900.000000000000000,100.000000000000000
sb_b,L3,2025-11-21 08:30:00,20251121,83000,2025-11-21 08:30:00,8,2025-11-21,1.152252886111111,4.609011544444444,4.609011544444444,15.000000000000000,900.000000000000000,100.000000000000000,1,900.000000000000000,100.000000000000000
sb_b,ALL,2025-11-21 08:30:00,20251121,83000,2025-11-21 08:30:00,8,2025-11-21,4.906522027777779,19.626088111111116,6.542029370370370,15.000000000000000,900.000000000000000,100.000000000000000,1,900.000000000000000,100.000000000000000
sb_b,L1,2025-11-21 08:45:00,20251121,84500,2025-11-21 08:45:00,8,2025-11-21,2.628076613888890,10.512306455555558,10.512306455555560,15.000000000000000,900.000000000000000,100.000000000000000,1,900.000000000000000,100.000000000000000
sb_b,L2,2025-11-21 08:45:00,20251121,84500,2025-11-21 08:45:00,8,2025-11-21,1.180050202777777,4.720200811111109,4.720200811111112,15.000000000000000,900.000000000000000,100.000000000000000,1,900.000000000000000,100.000000000000000
sb_b,L3,2025-11-21 08:45:00,20251121,84500,2025-11-21 08:45:00,8,2025-11-21,1.223671611111112,4.894686444444448,4.894686444444440,15.000000000000000,900.000000000000000,100.000000000000000,1,900.000000000000000,100.000000000000000
sb_b,ALL,2025-11-21 08:45:00,20251121,84500,2025-11-21 08:45:00,8,2025-11-21,5.031798427777779,20.127193711111115,6.709064570370370,15.000000000000000,900.000000000000000,100.000000000000000,1,900.000000000000000,100.000000000000000
sb_b,L1,2025-11-21 09:00:00,20251121,90000,2025-11-21 09:00:00,9,2025-11-21,2.722611100000001,10.890444400000003,10.890444400000005,15.000000000000000,900.000000000000000,100.000000000000000,1,900.000000000000000,100.000000000000000
sb_b,L2,2025-11-21 09:00:00,20251121,90000,2025-11-21 09:00:00,9,2025-11-21,1.109639113888889,4.438556455555557,4.438556455555556,15.000000000000000,900.000000000000000,100.000000000000000,1,900.000000000000000,100.000000000000000
sb_b,L3,2025-11-21 09:00:00,20251121,90000,2025-11-21 09:00:00,9,2025-11-21,1.182626669444445,4.730506677777780,4.730506677777776,15.000000000000000,900.000000000000000,100.000000000000000,1,900.000000000000000,100.000000000000000
sb_b,ALL,2025-11-21 09:00:00,20251121,90000,2025-11-21 09:00:00,9,2025-11-21,5.014876883333335,20.059507533333338,6.686502511111113,15.000000000000000,900.000000000000000,100.000000000000000,1,900.000000000000000,100.000000000000000
sb_b,L1,2025-11-21 09:15:00,20251121,91500,2025-11-21 09:15:00,9,2025-11-21,2.658739827777778,10.634959311111110,10.634959311111102,15.000000000000000,900.000000000000000,100.000000000000000,1,900.000000000000000,100.000000000000000
sb_b,L2,2025-11-21 09:15:00,20251121,91500,2025-11-21 09:15:00,9,2025-11-21,1.237568713888889,4.950274855555555,4.950274855555557,15.000000000000000,900.000000000000000,100.000000000000000,1,900.000000000000000,100.000000000000000
sb_b,L3,2025-11-21 09:15:00,20251121,91500,2025-11-21 09:15:00,9,2025-11-21,1.281840038888890,5.127360155555559,5.127360155555556,15.000000000000000,900.000000000000000,100.000000000000000,1,900.000000000000000,100.000000000000000
sb_b,ALL,2025-11-21 09:15:00,20251121,91500,2025-11-21 09:15:00,9,2025-11-21,5.178148580555556,20.712594322222223,6.904198107407406,15.000000000000000,900.000000000000000,100.000000000000000,1,900.000000000000000,100.000000000000000
sb_b,L1,2025-11-21 09:30:00,20251121,93000,2025-11-21 09:30:00,9,2025-11-21,2.584471841666665,10.337887366666662,10.337887366666662,15.000000000000000,900.000000000000000,100.000000000000000,1,900.000000000000000,100.000000000000000
sb_b,L2,2025-11-21 09:30:00,20251121,93000,2025-11-21 09:30:00,9,2025-11-21,1.164776291666667,4.659105166666667,4.659105166666665,15.000000000000000,900.000000000000000,100.000000000000000,1,900.000000000000000,100.000000000000000
sb_b,L3,2025-11-21 09:30:00,20251121,93000,2025-11-21 09:30:00,9,2025-11-21,1.209117136111111,4.836468544444442,4.836468544444445,15.000000000000000,900.000000000000000,100.000000000000000,1,900.000000000000000,100.000000000000000
sb_b,ALL,2025-11-21 09:30:00,20251121,93000,2025-11-21 09:30:00,9,2025-11-21,4.958365269444442,19.833461077777770,6.611153692592591,15.000000000000000,900.000000000000000,100.000000000000000,1,900.000000000000000,100.000000000000000
sb_b,L1,2025-11-21 09:45:00,20251121,94500,2025-11-21 09:45:00,9,2025-11-21,2.634078608333335,10.536314433333342,10.536314433333345,15.000000000000000,900.000000000000000,100.000000000000000,1,900.000000000000000,100.000000000000000
sb_b,L2,2025-11-21 09:45:00,20251121,94500,2025-11-21 09:45:00,9,2025-11-21,1.209063480555555,4.836253922222221,4.836253922222223,15.000000000000000,900.000000000000000,100.000000000000000,1,900.000000000000000,100.000000000000000
sb_b,L3,2025-11-21 09:45:00,20251121,94500,2025-11-21 09:45:00,9,2025-11-21,1.235521677777778,4.942086711111110,4.942086711111111,15.000000000000000,900.000000000000000,100.000000000000000,1,900.000000000000000,100.000000000000000
sb_b,ALL,2025-11-21 09:45:00,20251121,94500,2025-11-21 09:45:00,9,2025-11-21,5.078663766666669,20.314655066666674,6.771551688888892,15.000000000000000,900.000000000000000,100.000000000000000,1,900.000000000000000,100.000000000000000
sb_b,L1,2025-11-21 10:00:00,20251121,100000,2025-11-21 10:00:00,10,2025-11-21,2.556644591666668,10.226578366666672,10.226578366666669,15.000000000000000,900.000000000000000,100.000000000000000,1,900.000000000000000,100.000000000000000
sb_b,L2,2025-11-21 10:00:00,20251121,100000,2025-11-21 10:00:00,10,2025-11-21,1.141726547222222,4.566906188888890,4.566906188888892,15.000000000000000,900.000000000000000,100.000000000000000,1,900.000000000000000,100.000000000000000
sb_b,L3,2025-11-21 10:00:00,20251121,100000,2025-11-21 10:00:00,10,2025-11-21,1.154434338888889,4.617737355555555,4.617737355555555,15.000000000000000,900.000000000000000,100.000000000000000,1,900.000000000000000,100.000000000000000
sb_b,ALL,2025-11-21 10:00:00,20251121,100000,2025-11-21 10:00:00,10,2025-11-21,4.852805477777779,19.411221911111117,6.470407303703706,15.000000000000000,900.000000000000000,100.000000000000000,1,900.000000000000000,100.000000000000000
sb_b,L1,2025-11-21 10:15:00,20251121,101500,2025-11-21 10:15:00,10,2025-11-21,2.585801372222222,10.343205488888888,10.343205488888891,15.000000000000000,900.000000000000000,100.000000000000000,1,900.000000000000000,100.000000000000000
sb_b,L2,2025-11-21 10:15:00,20251121,101500,2025-11-21 10:15:00,10,2025-11-21,1.136464872222222,4.545859488888889,4.545859488888890,15.000000000000000,900.000000000000000,100.000000000000000,1,900.000000000000000,100.000000000000000
sb_b,L3,2025-11-21 10:15:00,20251121,101500,2025-11-21 10:15:00,10,2025-11-21,1.148893891666667,4.595575566666667,4.595575566666664,15.000000000000000,900.000000000000000,100.000000000000000,1,900.000000000000000,100.000000000000000
sb_b,ALL,2025-11-21 10:15:00,20251121,101500,2025-11-21 10:15:00,10,2025-11-21,4.871160136111111,19.484640544444446,6.494880181481482,15.000000000000000,900.000000000000000,100.000000000000000,1,900.000000000000000,100.000000000000000
sb_b,L1,2025-11-21 10:30:00,20251121,103000,2025-11-21 10:30:00,10,2025-11-21,2.677117880555556,10.708471522222224,10.708471522222212,15.000000000000000,900.000000000000000,100.000000000000000,1,900.000000000000000,100.000000000000000
sb_b,L2,2025-11-21 10:30:00,20251121,103000,2025-11-21 10:30:00,10,2025-11-21,1.121496063888889,4.485984255555557,4.485984255555556,15.000000000000000,900.000000000000000,100.000000000000000,1,900.000000000000000,100.000000000000000
sb_b,L3,2025-11-21 10:30:00,20251121,103000,2025-11-21 10:30:00,10,2025-11-21,1.158116961111110,4.632467844444442,4.632467844444443,15.000000000000000,900.000000000000000,100.000000000000000,1,900.000000000000000,100.000000000000000
sb_b,ALL,2025-11-21 10:30:00,20251121,103000,2025-11-21 10:30:00,10,2025-11-21,4.956730905555556,19.826923622222225,6.608974540740737,15.000000000000000,900.000000000000000,100.000000000000000,1,900.000000000000000,100.000000000000000
sb_b,L1,2025-11-21 10:45:00,20251121,104500,2025-11-21 10:45:00,10,2025-11-21,2.722007524999998,10.888030099999993,10.888030100000000,15.000000000000000,900.000000000000000,100.000000000000000,1,900.000000000000000,100.000000000000000
sb_b,L2,2025-11-21 10:45:00,20251121,104500,2025-11-21 10:45:00,10,2025-11-21,1.172314350000000,4.689257399999998,4.689257400000001,15.000000000000000,900.000000000000000,100.000000000000000,1,900.000000000000000,100.000000000000000
sb_b,L3,2025-11-21 10:45:00,20251121,104500,2025-11-21 10:45:00,10,2025-11-21,1.200146263888890,4.800585055555559,4.800585055555552,15.000000000000000,900.000000000000000,100.000000000000000,1,900.000000000000000,100.000000000000000
sb_b,ALL,2025-11-21 10:45:00,20251121,104500,2025-11-21 10:45:00,10,2025-11-21,5.094468138888888,20.377872555555552,6.792624185185185,15.000000000000000,900.000000000000000,100.000000000000000,1,900.000000000000000,100.000000000000000
sb_b,L1,2025-11-21 11:00:00,20251121,110000,2025-11-21 11:00:00,11,2025-11-21,2.994362111111108,11.977448444444430,11.977448444444439,15.000000000000000,900.000000000000000,100.000000000000000,1,900.000000000000000,100.000000000000000
sb_b,L2,2025-11-21 11:00:00,20251121,110000,2025-11-21 11:00:00,11,2025-11-21,1.429776908333335,5.719107633333339,5.719107633333333,15.000000000000000,900.000000000000000,100.000000000000000,1,900.000000000000000,100.000000000000000
sb_b,L3,2025-11-21 11:00:00,20251121,110000,2025-11-21 11:00:00,11,2025-11-21,1.469686188888889,5.878744755555555,5.878744755555553,15.000000000000000,900.000000000000000,100.000000000000000,1,900.000000000000000,100.000000000000000
sb_b,ALL,2025-11-21 11:00:00,20251121,110000,2025-11-21 11:00:00,11,2025-11-21,5.893825208333331,23.575300833333323,7.858433611111108,15.000000000000000,900.000000000000000,100.000000000000000,1,900.000000000000000,100.000000000000000
sb_b,L1,2025-11-21 11:15:00,20251121,111500,2025-11-21 11:15:00,11,2025-11-21,2.879201225000001,11.516804900000002,11.516804900000002,15.000000000000000,900.000000000000000,100.000000000000000,1,900.000000000000000,100.000000000000000
sb_b,L2,2025-11-21 11:15:00,20251121,111500,2025-11-21 11:15:00,11,2025-11-21,1.400436791666666,5.601747166666665,5.601747166666661,15.000000000000000,900.000000000000000,100.000000000000000,1,900.000000000000000,100.000000000000000
sb_b,L3,2025-11-21 11:15:00,20251121,111500,2025-11-21 11:15:00,11,2025-11-21,1.438953411111110,5.755813644444442,5.755813644444444,15.000000000000000,900.000000000000000,100.000000000000000,1,900.000000000000000,100.000000000000000
sb_b,ALL,2025-11-21 11:15:00,20251121,111500,2025-11-21 11:15:00,11,2025-11-21,5.718591427777778,22.874365711111110,7.624788570370369,15.000000000000000,900.000000000000000,100.000000000000000,1,900.000000000000000,100.000000000000000
sb_b,L1,2025-11-21 11:30:00,20251121,113000,2025-11-21 11:30:00,11,2025-11-21,2.890383452777778,11.561533811111111,11.561533811111110,15.000000000000000,900.000000000000000,100.000000000000000,1,900.000000000000000,100.000000000000000
sb_b,L2,2025-11-21 11:30:00,20251121,113000,2025-11-21 11:30:00,11,2025-11-21,1.399763027777777,5.599052111111107,5.599052111111109,15.000000000000000,900.000000000000000,100.000000000000000,1,900.000000000000000,100.000000000000000
sb_b,L3,2025-11-21 11:30:00,20251121,113000,2025-11-21 11:30:00,11,2025-11-21,1.416779983333333,5.667119933333330,5.667119933333335,15.000000000000000,900.000000000000000,100.000000000000000,1,900.000000000000000,100.000000000000000
sb_b,ALL,2025-11-21 11:30:00,20251121,113000,2025-11-21 11:30:00,11,2025-11-21,5.706926463888887,22.827705855555550,7.609235285185185,15.000000000000000,900.000000000000000,100.000000000000000,1,900.000000000000000,100.000000000000000
sb_b,L1,2025-11-21 11:45:00,20251121,114500,2025-11-21 11:45:00,11,2025-11-21,3.212941700000000,12.851766800000000,12.851766800000004,15.000000000000000,900.000000000000000,100.000000000000000,1,900.000000000000000,100.000000000000000
sb_b,L2,2025-11-21 11:45:00,20251121,114500,2025-11-21 11:45:00,11,2025-11-21,1.547792966666667,6.191171866666670,6.191171866666658,15.000000000000000,900.000000000000000,100.000000000000000,1,900.000000000000000,100.000000000000000
sb_b,L3,2025-11-21 11:45:00,20251121,114500,2025-11-21 11:45:00,11,2025-11-21,1.554377433333333,6.217509733333331,6.217509733333331,15.000000000000000,900.000000000000000,100.000000000000000,1,900.000000000000000,100.000000000000000
sb_b,ALL,2025-11-21 11:45:00,20251121,114500,2025-11-21 11:45:00,11,2025-11-21,6.315112100000000,25.260448400000001,8.420149466666663,15.000000000000000,900.000000000000000,100.000000000000000,1,900.000000000000000,100.000000000000000
sb_b,L1,2025-11-21 12:00:00,20251121,120000,2025-11-21 12:00:00,12,2025-11-21,3.340579088888892,13.362316355555569,13.362316355555548,15.000000000000000,900.000000000000000,100.000000000000000,1,900.000000000000000,100.000000000000000
sb_b,L2,2025-11-21 12:00:00,20251121,120000,2025-11-21 12:00:00,12,2025-11-21,1.865005041666665,7.460020166666662,7.460020166666670,15.000000000000000,900.000000000000000,100.000000000000000,1,900.000000000000000,100.000000000000000
sb_b,L3,2025-11-21 12:00:00,20251121,120000,2025-11-21 12:00:00,12,2025-11-21,1.867086483333333,7.468345933333334,7.468345933333332,15.000000000000000,900.000000000000000,100.000000000000000,1,900.000000000000000,100.000000000000000
sb_b,ALL,2025-11-21 12:00:00,20251121,120000,2025-11-21 12:00:00,12,2025-11-21,7.072670613888891,28.290682455555565,9.430227485185183,15.000000000000000,900.000000000000000,100.000000000000000,1,900.000000000000000,100.000000000000000
sb_b,L1,2025-11-21 12:15:00,20251121,121500,2025-11-21 12:15:00,12,2025-11-21,3.441554488888887,13.766217955555549,13.766217955555557,15.000000000000000,900.000000000000000,100.000000000000000,1,900.000000000000000,100.000000000000000
sb_b,L2,2025-11-21 12:15:00,20251121,121500,2025-11-21 12:15:00,12,2025-11-21,1.937685072222223,7.750740288888891,7.750740288888893,15.000000000000000,900.000000000000000,100.000000000000000,1,900.000000000000000,100.000000000000000
sb_b,L3,2025-11-21 12:15:00,20251121,121500,2025-11-21 12:15:00,12,2025-11-21,1.974662036111113,7.898648144444451,7.898648144444439,15.000000000000000,900.000000000000000,100.000000000000000,1,900.000000000000000,100.000000000000000
sb_b,ALL,2025-11-21 12:15:00,20251121,121500,2025-11-21 12:15:00,12,2025-11-21,7.353901597222222,29.415606388888889,9.805202129629629,15.000000000000000,900.000000000000000,100.000000000000000,1,900.000000000000000,100.000000000000000
sb_b,L1,2025-11-21 12:30:00,20251121,123000,2025-11-21 12:30:00,12,2025-11-21,6.699777919444446,26.799111677777784,26.799111677777798,15.000000000000000,900.000000000000000,100.000000000000000,1,900.000000000000000,100.000000000000000
sb_b,L2,2025-11-21 12:30:00,20251121,123000,2025-11-21 12:30:00,12,2025-11-21,5.069661083333334,20.278644333333336,20.278644333333325,15.000000000000000,900.000000000000000,100.000000000000000,1,900.000000000000000,100.000000000000000
sb_b,L3,2025-11-21 12:30:00,20251121,123000,2025-11-21 12:30:00,12,2025-11-21,5.345692786111106,21.382771144444423,21.382771144444444,15.000000000000000,900.000000000000000,100.000000000000000,1,900.000000000000000,100.000000000000000
sb_b,ALL,2025-11-21 12:30:00,20251121,123000,2025-11-21 12:30:00,12,2025-11-21,17.115131788888885,68.460527155555539,22.820175718518520,15.000000000000000,900.000000000000000,100.000000000000000,1,900.000000000000000,100.000000000000000
sb_b,L1,2025-11-21 12:45:00,20251121,124500,2025-11-21 12:45:00,12,2025-11-21,5.279114591666666,21.116458366666663,21.116458366666649,15.000000000000000,900.000000000000000,100.000000000000000,1,900.000000000000000,100.000000000000000
sb_b,L2,2025-11-21 12:45:00,20251121,124500,2025-11-21 12:45:00,12,2025-11-21,3.780880336111113,15.123521344444450,15.123521344444434,15.000000000000000,900.000000000000000,100.000000000000000,1,900.000000000000000,100.000000000000000
sb_b,L3,2025-11-21 12:45:00,20251121,124500,2025-11-21 12:45:00,12,2025-11-21,3.925893502777777,15.703574011111108,15.703574011111112,15.000000000000000,900.000000000000000,100.000000000000000,1,900.000000000000000,100.000000000000000
sb_b,ALL,2025-11-21 12:45:00,20251121,124500,2025-11-21 12:45:00,12,2025-11-21,12.985888430555555,51.943553722222219,17.314517907407399,15.000000000000000,900.000000000000000,100.000000000000000,1,900.000000000000000,100.000000000000000
sb_b,L1,2025-11-21 13:00:00,20251121,130000,2025-11-21 13:00:00,13,2025-11-21,6.142053027777783,24.568212111111134,24.568212111111094,15.000000000000000,900.000000000000000,100.000000000000000,1,900.000000000000000,100.000000000000000
sb_b,L2,2025-11-21 13:00:00,20251121,130000,2025-11-21 13:00:00,13,2025-11-21,4.580413475000000,18.321653900000001,18.321653900000019,15.000000000000000,900.000000000000000,100.000000000000000,1,900.000000000000000,100.000000000000000
sb_b,L3,2025-11-21 13:00:00,20251121,130000,2025-11-21 13:00:00,13,2025-11-21,4.792380622222220,19.169522488888880,19.169522488888898,15.000000000000000,900.000000000000000,100.000000000000000,1,900.000000000000000,100.000000000000000
sb_b,ALL,2025-11-21 13:00:00,20251121,130000,2025-11-21 13:00:00,13,2025-11-21,15.514847125000003,62.059388500000011,20.686462833333337,15.000000000000000,900.000000000000000,100.000000000000000,1,900.000000000000000,100.000000000000000
sb_b,L1,2025-11-21 13:15:00,20251121,131500,2025-11-21 13:15:00,13,2025-11-21,3.746607641666667,14.986430566666668,14.986430566666671,15.000000000000000,900.000000000000000,100.000000000000000,1,900.000000000000000,100.000000000000000
sb_b,L2,2025-11-21 13:15:00,20251121,131500,2025-11-21 13:15:00,13,2025-11-21,2.269646547222221,9.078586188888885,9.078586188888892,15.000000000000000,900.000000000000000,100.000000000000000,1,900.000000000000000,100.000000000000000
sb_b,L3,2025-11-21 13:15:00,20251121,131500,2025-11-21 13:15:00,13,2025-11-21,2.298626000000001,9.194504000000002,9.194504000000002,15.000000000000000,900.000000000000000,100.000000000000000,1,900.000000000000000,100.000000000000000
sb_b,ALL,2025-11-21 13:15:00,20251121,131500,2025-11-21 13:15:00,13,2025-11-21,8.314880188888889,33.259520755555556,11.086506918518520,15.000000000000000,900.000000000000000,100.000000000000000,1,900.000000000000000,100.000000000000000
sb_b,L1,2025-11-21 13:30:00,20251121,133000,2025-11-21 13:30:00,13,2025-11-21,3.187183952777778,12.748735811111112,12.748735811111121,15.000000000000000,900.000000000000000,100.000000000000000,1,900.000000000000000,100.000000000000000
sb_b,L2,2025-11-21 13:30:00,20251121,133000,2025-11-21 13:30:00,13,2025-11-21,1.710068122222220,6.840272488888881,6.840272488888886,15.000000000000000,900.000000000000000,100.000000000000000,1,900.000000000000000,100.000000000000000
sb_b,L3,2025-11-21 13:30:00,20251121,133000,2025-11-21 13:30:00,13,2025-11-21,1.666725388888890,6.666901555555558,6.666901555555561,15.000000000000000,900.000000000000000,100.000000000000000,1,900.000000000000000,100.000000000000000
sb_b,ALL,2025-11-21 13:30:00,20251121,133000,2025-11-21 13:30:00,13,2025-11-21,6.563977463888889,26.255909855555554,8.751969951851855,15.000000000000000,900.000000000000000,100.000000000000000,1,900.000000000000000,100.000000000000000
sb_b,L1,2025-11-21 13:45:00,20251121,134500,2025-11-21 13:45:00,13,2025-11-21,2.925947466666667,11.703789866666668,11.703789866666668,15.000000000000000,900.000000000000000,100.000000000000000,1,900.000000000000000,100.000000000000000
sb_b,L2,2025-11-21 13:45:00,20251121,134500,2025-11-21 13:45:00,13,2025-11-21,1.647854922222222,6.591419688888889,6.591419688888885,15.000000000000000,900.000000000000000,100.000000000000000,1,900.000000000000000,100.000000000000000
sb_b,L3,2025-11-21 13:45:00,20251121,134500,2025-11-21 13:45:00,13,2025-11-21,1.609199616666666,6.436798466666662,6.436798466666666,15.000000000000000,900.000000000000000,100.000000000000000,1,900.000000000000000,100.000000000000000
sb_b,ALL,2025-11-21 13:45:00,20251121,134500,2025-11-21 13:45:00,13,2025-11-21,6.183002005555554,24.732008022222217,8.244002674074073,15.000000000000000,900.000000000000000,100.000000000000000,1,900.000000000000000,100.000000000000000
sb_b,L1,2025-11-21 14:00:00,20251121,140000,2025-11-21 14:00:00,14,2025-11-21,3.194488124999998,12.777952499999992,12.777952500000001,15.000000000000000,900.000000000000000,100.000000000000000,1,900.000000000000000,100.000000000000000
sb_b,L2,2025-11-21 14:00:00,20251121,140000,2025-11-21 14:00:00,14,2025-11-21,1.920382050000001,7.681528200000004,7.681528200000001,15.000000000000000,900.000000000000000,100.000000000000000,1,900.000000000000000,100.000000000000000
sb_b,L3,2025-11-21 14:00:00,20251121,140000,2025-11-21 14:00:00,14,2025-11-21,1.909524391666667,7.638097566666669,7.638097566666673,15.000000000000000,900.000000000000000,100.000000000000000,1,900.000000000000000,100.000000000000000
sb_b,ALL,2025-11-21 14:00:00,20251121,140000,2025-11-21 14:00:00,14,2025-11-21,7.024394566666667,28.097578266666666,9.365859422222226,15.000000000000000,900.000000000000000,100.000000000000000,1,900.000000000000000,100.000000000000000
sb_b,L1,2025-11-21 14:15:00,20251121,141500,2025-11-21 14:15:00,14,2025-11-21,3.440239411111107,13.760957644444428,13.760957644444440,15.000000000000000,900.000000000000000,100.000000000000000,1,900.000000000000000,100.000000000000000
sb_b,L2,2025-11-21 14:15:00,20251121,141500,2025-11-21 14:15:00,14,2025-11-21,2.310952352777779,9.243809411111116,9.243809411111114,15.000000000000000,900.000000000000000,100.000000000000000,1,900.000000000000000,100.000000000000000
sb_b,L3,2025-11-21 14:15:00,20251121,141500,2025-11-21 14:15:00,14,2025-11-21,2.303954049999998,9.215816199999994,9.215816200000003,15.000000000000000,900.000000000000000,100.000000000000000,1,900.000000000000000,100.000000000000000
sb_b,ALL,2025-11-21 14:15:00,20251121,141500,2025-11-21 14:15:00,14,2025-11-21,8.055145813888885,32.220583255555539,10.740194418518518,15.000000000000000,900.000000000000000,100.000000000000000,1,900.000000000000000,100.000000000000000
sb_b,L1,2025-11-21 14:30:00,20251121,143000,2025-11-21 14:30:00,14,2025-11-21,3.723031163888889,14.892124655555557,14.892124655555561,15.000000000000000,900.000000000000000,100.000000000000000,1,900.000000000000000,100.000000000000000
sb_b,L2,2025-11-21 14:30:00,20251121,143000,2025-11-21 14:30:00,14,2025-11-21,2.647209102777780,10.588836411111119,10.588836411111110,15.000000000000000,900.000000000000000,100.000000000000000,1,900.000000000000000,100.000000000000000
sb_b,L3,2025-11-21 14:30:00,20251121,143000,2025-11-21 14:30:00,14,2025-11-21,2.664437861111109,10.657751444444434,10.657751444444450,15.000000000000000,900.000000000000000,100.000000000000000,1,900.000000000000000,100.000000000000000
sb_b,ALL,2025-11-21 14:30:00,20251121,143000,2025-11-21 14:30:00,14,2025-11-21,9.034678127777777,36.138712511111109,12.046237503703708,15.000000000000000,900.000000000000000,100.000000000000000,1,900.000000000000000,100.000000000000000
sb_b,L1,2025-11-21 14:45:00,20251121,144500,2025-11-21 14:45:00,14,2025-11-21,3.239256222222222,12.957024888888888,12.957024888888887,15.000000000000000,900.000000000000000,100.000000000000000,1,900.000000000000000,100.000000000000000
sb_b,L2,2025-11-21 14:45:00,20251121,144500,2025-11-21 14:45:00,14,2025-11-21,2.040849916666666,8.163399666666663,8.163399666666669,15.000000000000000,900.000000000000000,100.000000000000000,1,900.000000000000000,100.000000000000000
sb_b,L3,2025-11-21 14:45:00,20251121,144500,2025-11-21 14:45:00,14,2025-11-21,2.061824027777777,8.247296111111106,8.247296111111110,15.000000000000000,900.000000000000000,100.000000000000000,1,900.000000000000000,100.000000000000000
sb_b,ALL,2025-11-21 14:45:00,20251121,144500,2025-11-21 14:45:00,14,2025-11-21,7.341930166666664,29.367720666666656,9.789240222222221,15.000000000000000,900.000000000000000,100.000000000000000,1,900.000000000000000,100.000000000000000
sb_b,L1,2025-11-21 15:00:00,20251121,150000,2025-11-21 15:00:00,15,2025-11-21,3.653500947222221,14.614003788888883,14.614003788888894,15.000000000000000,900.000000000000000,100.000000000000000,1,900.000000000000000,100.000000000000000
sb_b,L2,2025-11-21 15:00:00,20251121,150000,2025-11-21 15:00:00,15,2025-11-21,2.193664133333335,8.774656533333339,8.774656533333340,15.000000000000000,900.000000000000000,100.000000000000000,1,900.000000000000000,100.000000000000000
sb_b,L3,2025-11-21 15:00:00,20251121,150000,2025-11-21 15:00:00,15,2025-11-21,2.257391433333336,9.029565733333342,9.029565733333332,15.000000000000000,900.000000000000000,100.000000000000000,1,900.000000000000000,100.000000000000000
sb_b,ALL,2025-11-21 15:00:00,20251121,150000,2025-11-21 15:00:00,15,2025-11-21,8.104556513888891,32.418226055555564,10.806075351851856,15.000000000000000,900.000000000000000,100.000000000000000,1,900.000000000000000,100.000000000000000
sb_b,L1,2025-11-21 15:15:00,20251121,151500,2025-11-21 15:15:00,15,2025-11-21,4.605942019444446,18.423768077777783,18.423768077777776,15.000000000000000,900.000000000000000,100.000000000000000,1,900.000000000000000,100.000000000000000
sb_b,L2,2025-11-21 15:15:00,20251121,151500,2025-11-21 15:15:00,15,2025-11-21,3.467510861111112,13.870043444444446,13.870043444444450,15.000000000000000,900.000000000000000,100.000000000000000,1,900.000000000000000,100.000000000000000
sb_b,L3,2025-11-21 15:15:00,20251121,151500,2025-11-21 15:15:00,15,2025-11-21,3.240582483333335,12.962329933333340,12.962329933333331,15.000000000000000,900.000000000000000,100.000000000000000,1,900.000000000000000,100.000000000000000
sb_b,ALL,2025-11-21 15:15:00,20251121,151500,2025-11-21 15:15:00,15,2025-11-21,11.314035363888893,45.256141455555571,15.085380485185187,15.000000000000000,900.000000000000000,100.000000000000000,1,900.000000000000000,100.000000000000000
sb_b,L1,2025-11-21 15:30:00,20251121,153000,2025-11-21 15:30:00,15,2025-11-21,3.284846619444445,13.139386477777782,13.139386477777778,15.000000000000000,900.000000000000000,100.000000000000000,1,900.000000000000000,100.000000000000000
sb_b,L2,2025-11-21 15:30:00,20251121,153000,2025-11-21 15:30:00,15,2025-11-21,2.080843086111110,8.323372344444438,8.323372344444449,15.000000000000000,900.000000000000000,100.000000000000000,1,900.000000000000000,100.000000000000000
sb_b,L3,2025-11-21 15:30:00,20251121,153000,2025-11-21 15:30:00,15,2025-11-21,1.837157791666667,7.348631166666667,7.348631166666673,15.000000000000000,900.000000000000000,100.000000000000000,1,900.000000000000000,100.000000000000000
sb_b,ALL,2025-11-21 15:30:00,20251121,153000,2025-11-21 15:30:00,15,2025-11-21,7.202847497222222,28.811389988888887,9.603796662962967,15.000000000000000,900.000000000000000,100.000000000000000,1,900.000000000000000,100.000000000000000
sb_b,L1,2025-11-21 15:45:00,20251121,154500,2025-11-21 15:45:00,15,2025-11-21,4.276873000000003,17.107492000000011,17.107492000000004,15.000000000000000,900.000000000000000,100.000000000000000,1,900.000000000000000,100.000000000000000
sb_b,L2,2025-11-21 15:45:00,20251121,154500,2025-11-21 15:45:00,15,2025-11-21,3.382601441666667,13.530405766666668,13.530405766666670,15.000000000000000,900.000000000000000,100.000000000000000,1,900.000000000000000,100.000000000000000
sb_b,L3,2025-11-21 15:45:00,20251121,154500,2025-11-21 15:45:00,15,2025-11-21,2.983072486111111,11.932289944444445,11.932289944444456,15.000000000000000,900.000000000000000,100.000000000000000,1,900.000000000000000,100.000000000000000
sb_b,ALL,2025-11-21 15:45:00,20251121,154500,2025-11-21 15:45:00,15,2025-11-21,10.642546927777781,42.570187711111124,14.190062570370378,15.000000000000000,900.000000000000000,100.000000000000000,1,900.000000000000000,100.000000000000000
sb_b,L1,2025-11-21 16:00:00,20251121,160000,2025-11-21 16:00:00,16,2025-11-21,3.021748086111111,12.086992344444445,12.086992344444432,15.000000000000000,900.000000000000000,100.000000000000000,1,900.000000000000000,100.000000000000000
sb_b,L2,2025-11-21 16:00:00,20251121,160000,2025-11-21 16:00:00,16,2025-11-21,2.191600444444445,8.766401777777780,8.766401777777775,15.000000000000000,900.000000000000000,100.000000000000000,1,900.000000000000000,100.000000000000000
sb_b,L3,2025-11-21 16:00:00,20251121,160000,2025-11-21 16:00:00,16,2025-11-21,2.004397947222222,8.017591788888888,8.017591788888890,15.000000000000000,900.000000000000000,100.000000000000000,1,900.000000000000000,100.000000000000000
sb_b,ALL,2025-11-21 16:00:00,20251121,160000,2025-11-21 16:00:00,16,2025-11-21,7.217746477777778,28.870985911111113,9.623661970370366,15.000000000000000,900.000000000000000,100.000000000000000,1,900.000000000000000,100.000000000000000
sb_b,L1,2025-11-21 16:15:00,20251121,161500,2025-11-21 16:15:00,16,2025-11-21,4.487895772222225,17.951583088888899,17.951583088888889,15.000000000000000,900.000000000000000,100.000000000000000,1,900.000000000000000,100.000000000000000
sb_b,L2,2025-11-21 16:15:00,20251121,161500,2025-11-21 16:15:00,16,2025-11-21,3.600653663888889,14.402614655555555,14.402614655555551,15.000000000000000,900.000000000000000,100.000000000000000,1,900.000000000000000,100.000000000000000
sb_b,L3,2025-11-21 16:15:00,20251121,161500,2025-11-21 16:15:00,16,2025-11-21,3.334755736111113,13.339022944444451,13.339022944444434,15.000000000000000,900.000000000000000,100.000000000000000,1,900.000000000000000,100.000000000000000
sb_b,ALL,2025-11-21 16:15:00,20251121,161500,2025-11-21 16:15:00,16,2025-11-21,11.423305172222225,45.693220688888900,15.231073562962958,15.000000000000000,900.000000000000000,100.000000000000000,1,900.000000000000000,100.000000000000000
sb_b,L1,2025-11-21 16:30:00,20251121,163000,2025-11-21 16:30:00,16,2025-11-21,3.714294258333331,14.857177033333324,14.857177033333336,15.000000000000000,900.000000000000000,100.000000000000000,1,900.000000000000000,100.000000000000000
sb_b,L2,2025-11-21 16:30:00,20251121,163000,2025-11-21 16:30:00,16,2025-11-21,2.609150686111114,10.436602744444455,10.436602744444443,15.000000000000000,900.000000000000000,100.000000000000000,1,900.000000000000000,100.000000000000000
sb_b,L3,2025-11-21 16:30:00,20251121,163000,2025-11-21 16:30:00,16,2025-11-21,2.540684880555554,10.162739522222216,10.162739522222225,15.000000000000000,900.000000000000000,100.000000000000000,1,900.000000000000000,100.000000000000000
sb_b,ALL,2025-11-21 16:30:00,20251121,163000,2025-11-21 16:30:00,16,2025-11-21,8.864129824999999,35.456519299999997,11.818839766666668,15.000000000000000,900.000000000000000,100.000000000000000,1,900.000000000000000,100.000000000000000
sb_b,L1,2025-11-21 16:45:00,20251121,164500,2025-11-21 16:45:00,16,2025-11-21,3.781031552777779,15.124126211111115,15.124126211111117,15.000000000000000,900.000000000000000,100.000000000000000,1,900.000000000000000,100.000000000000000
sb_b,L2,2025-11-21 16:45:00,20251121,164500,2025-11-21 16:45:00,16,2025-11-21,2.314226847222221,9.256907388888884,9.256907388888884,15.000000000000000,900.000000000000000,100.000000000000000,1,900.000000000000000,100.000000000000000
sb_b,L3,2025-11-21 16:45:00,20251121,164500,2025-11-21 16:45:00,16,2025-11-21,2.271019177777777,9.084076711111107,9.084076711111113,15.000000000000000,900.000000000000000,100.000000000000000,1,900.000000000000000,100.000000000000000
sb_b,ALL,2025-11-21 16:45:00,20251121,164500,2025-11-21 16:45:00,16,2025-11-21,8.366277577777776,33.465110311111104,11.155036770370371,15.000000000000000,900.000000000000000,100.000000000000000,1,900.000000000000000,100.000000000000000
sb_b,L1,2025-11-21 17:00:00,20251121,170000,2025-11-21 17:00:00,17,2025-11-21,5.076555822222223,20.306223288888891,20.306223288888880,15.000000000000000,900.000000000000000,100.000000000000000,1,900.000000000000000,100.000000000000000
sb_b,L2,2025-11-21 17:00:00,20251121,170000,2025-11-21 17:00:00,17,2025-11-21,3.762009736111110,15.048038944444441,15.048038944444452,15.000000000000000,900.000000000000000,100.000000000000000,1,900.000000000000000,100.000000000000000
sb_b,L3,2025-11-21 17:00:00,20251121,170000,2025-11-21 17:00:00,17,2025-11-21,3.595912536111111,14.383650144444445,14.383650144444449,15.000000000000000,900.000000000000000,100.000000000000000,1,900.000000000000000,100.000000000000000
sb_b,ALL,2025-11-21 17:00:00,20251121,170000,2025-11-21 17:00:00,17,2025-11-21,12.434478094444444,49.737912377777775,16.579304125925926,15.000000000000000,900.000000000000000,100.000000000000000,1,900.000000000000000,100.000000000000000
sb_b,L1,2025-11-21 17:15:00,20251121,171500,2025-11-21 17:15:00,17,2025-11-21,4.020721919444447,16.082887677777787,16.082887677777769,15.000000000000000,900.000000000000000,100.000000000000000,1,900.000000000000000,100.000000000000000
sb_b,L2,2025-11-21 17:15:00,20251121,171500,2025-11-21 17:15:00,17,2025-11-21,2.563900475000001,10.255601900000006,10.255601899999990,15.000000000000000,900.000000000000000,100.000000000000000,1,900.000000000000000,100.000000000000000
sb_b,L3,2025-11-21 17:15:00,20251121,171500,2025-11-21 17:15:00,17,2025-11-21,2.566648661111111,10.266594644444444,10.266594644444442,15.000000000000000,900.000000000000000,100.000000000000000,1,900.000000000000000,100.000000000000000
sb_b,ALL,2025-11-21 17:15:00,20251121,171500,2025-11-21 17:15:00,17,2025-11-21,9.151271055555558,36.605084222222231,12.201694740740734,15.000000000000000,900.000000000000000,100.000000000000000,1,900.000000000000000,100.000000000000000
sb_b,L1,2025-11-21 17:30:00,20251121,173000,2025-11-21 17:30:00,17,2025-11-21,5.091454174999998,20.365816699999993,20.365816700000000,15.000000000000000,900.000000000000000,100.000000000000000,1,900.000000000000000,100.000000000000000
sb_b,L2,2025-11-21 17:30:00,20251121,173000,2025-11-21 17:30:00,17,2025-11-21,4.067242211111111,16.268968844444444,16.268968844444448,15.000000000000000,900.000000000000000,100.000000000000000,1,900.000000000000000,100.000000000000000
sb_b,L3,2025-11-21 17:30:00,20251121,173000,2025-11-21 17:30:00,17,2025-11-21,3.941049227777779,15.764196911111116,15.764196911111101,15.000000000000000,900.000000000000000,100.000000000000000,1,900.000000000000000,100.000000000000000
sb_b,ALL,2025-11-21 17:30:00,20251121,173000,2025-11-21 17:30:00,17,2025-11-21,13.099745613888889,52.398982455555554,17.466327485185182,15.000000000000000,900.000000000000000,100.000000000000000,1,900.000000000000000,100.000000000000000
sb_b,L1,2025-11-21 17:45:00,20251121,174500,2025-11-21 17:45:00,17,2025-11-21,3.724902633333333,14.899610533333334,14.899610533333336,15.000000000000000,900.000000000000000,100.000000000000000,1,900.000000000000000,100.000000000000000
sb_b,L2,2025-11-21 17:45:00,20251121,174500,2025-11-21 17:45:00,17,2025-11-21,2.582952172222222,10.331808688888888,10.331808688888888,15.000000000000000,900.000000000000000,100.000000000000000,1,900.000000000000000,100.000000000000000
sb_b,L3,2025-11-21 17:45:00,20251121,174500,2025-11-21 17:45:00,17,2025-11-21,2.589496066666666,10.357984266666664,10.357984266666676,15.000000000000000,900.000000000000000,100.000000000000000,1,900.000000000000000,100.000000000000000
sb_b,ALL,2025-11-21 17:45:00,20251121,174500,2025-11-21 17:45:00,17,2025-11-21,8.897350872222223,35.589403488888891,11.863134496296299,15.000000000000000,900.000000000000000,100.000000000000000,1,900.000000000000000,100.000000000000000
sb_b,L1,2025-11-21 18:00:00,20251121,180000,2025-11-21 18:00:00,18,2025-11-21,4.662488422222224,18.649953688888896,18.649953688888875,15.000000000000000,900.000000000000000,100.000000000000000,1,900.000000000000000,100.000000000000000
sb_b,L2,2025-11-21 18:00:00,20251121,180000,2025-11-21 18:00:00,18,2025-11-21,3.662943447222220,14.651773788888878,14.651773788888885,15.000000000000000,900.000000000000000,100.000000000000000,1,900.000000000000000,100.000000000000000
sb_b,L3,2025-11-21 18:00:00,20251121,180000,2025-11-21 18:00:00,18,2025-11-21,3.609070730555557,14.436282922222228,14.436282922222233,15.000000000000000,900.000000000000000,100.000000000000000,1,900.000000000000000,100.000000000000000
sb_b,ALL,2025-11-21 18:00:00,20251121,180000,2025-11-21 18:00:00,18,2025-11-21,11.934502600000002,47.738010400000007,15.912670133333330,15.000000000000000,900.000000000000000,100.000000000000000,1,900.000000000000000,100.000000000000000
sb_b,L1,2025-11-21 18:15:00,20251121,181500,2025-11-21 18:15:00,18,2025-11-21,4.460370025000000,17.841480100000002,17.841480099999995,15.000000000000000,900.000000000000000,100.000000000000000,1,900.000000000000000,100.000000000000000
sb_b,L2,2025-11-21 18:15:00,20251121,181500,2025-11-21 18:15:00,18,2025-11-21,3.614518291666667,14.458073166666669,14.458073166666674,15.000000000000000,900.000000000000000,100.000000000000000,1,900.000000000000000,100.000000000000000
sb_b,L3,2025-11-21 18:15:00,20251121,181500,2025-11-21 18:15:00,18,2025-11-21,3.538049788888889,14.152199155555557,14.152199155555550,15.000000000000000,900.000000000000000,100.000000000000000,1,900.000000000000000,100.000000000000000
sb_b,ALL,2025-11-21 18:15:00,20251121,181500,2025-11-21 18:15:00,18,2025-11-21,11.612938105555557,46.451752422222228,15.483917474074071,15.000000000000000,900.000000000000000,100.000000000000000,1,900.000000000000000,100.000000000000000
sb_b,L1,2025-11-21 18:30:00,20251121,183000,2025-11-21 18:30:00,18,2025-11-21,3.801317708333329,15.205270833333316,15.205270833333334,15.000000000000000,900.000000000000000,100.000000000000000,1,900.000000000000000,100.000000000000000
sb_b,L2,2025-11-21 18:30:00,20251121,183000,2025-11-21 18:30:00,18,2025-11-21,2.772485086111110,11.089940344444440,11.089940344444443,15.000000000000000,900.000000000000000,100.000000000000000,1,900.000000000000000,100.000000000000000
sb_b,L3,2025-11-21 18:30:00,20251121,183000,2025-11-21 18:30:00,18,2025-11-21,2.821142297222222,11.284569188888888,11.284569188888893,15.000000000000000,900.000000000000000,100.000000000000000,1,900.000000000000000,100.000000000000000
sb_b,ALL,2025-11-21 18:30:00,20251121,183000,2025-11-21 18:30:00,18,2025-11-21,9.394945091666660,37.579780366666640,12.526593455555558,15.000000000000000,900.000000000000000,100.000000000000000,1,900.000000000000000,100.000000000000000
sb_b,L1,2025-11-21 18:45:00,20251121,184500,2025-11-21 18:45:00,18,2025-11-21,4.754440580555556,19.017762322222225,19.017762322222225,15.000000000000000,900.000000000000000,100.000000000000000,1,900.000000000000000,100.000000000000000
sb_b,L2,2025-11-21 18:45:00,20251121,184500,2025-11-21 18:45:00,18,2025-11-21,3.866588516666666,15.466354066666666,15.466354066666662,15.000000000000000,900.000000000000000,100.000000000000000,1,900.000000000000000,100.000000000000000
sb_b,L3,2025-11-21 18:45:00,20251121,184500,2025-11-21 18:45:00,18,2025-11-21,3.791632141666667,15.166528566666667,15.166528566666667,15.000000000000000,900.000000000000000,100.000000000000000,1,900.000000000000000,100.000000000000000
sb_b,ALL,2025-11-21 18:45:00,20251121,184500,2025-11-21 18:45:00,18,2025-11-21,12.412661238888889,49.650644955555556,16.550214985185185,15.000000000000000,900.000000000000000,100.000000000000000,1,900.000000000000000,100.000000000000000
sb_b,L1,2025-11-21 19:00:00,20251121,190000,2025-11-21 19:00:00,19,2025-11-21,3.394524050000001,13.578096200000005,13.578096200000017,15.000000000000000,900.000000000000000,100.000000000000000,1,900.000000000000000,100.000000000000000
sb_b,L2,2025-11-21 19:00:00,20251121,190000,2025-11-21 19:00:00,19,2025-11-21,2.296413255555556,9.185653022222224,9.185653022222226,15.000000000000000,900.000000000000000,100.000000000000000,1,900.000000000000000,100.000000000000000
sb_b,L3,2025-11-21 19:00:00,20251121,190000,2025-11-21 19:00:00,19,2025-11-21,2.372758263888889,9.491033055555556,9.491033055555562,15.000000000000000,900.000000000000000,100.000000000000000,1,900.000000000000000,100.000000000000000
sb_b,ALL,2025-11-21 19:00:00,20251121,190000,2025-11-21 19:00:00,19,2025-11-21,8.063695569444446,32.254782277777785,10.751594092592601,15.000000000000000,900.000000000000000,100.000000000000000,1,900.000000000000000,100.000000000000000
sb_b,L1,2025-11-21 19:15:00,20251121,191500,2025-11-21 19:15:00,19,2025-11-21,4.388958413888887,17.555833655555549,17.555833655555553,15.000000000000000,900.000000000000000,100.000000000000000,1,900.000000000000000,100.000000000000000
sb_b,L2,2025-11-21 19:15:00,20251121,191500,2025-11-21 19:15:00,19,2025-11-21,3.298184572222221,13.192738288888885,13.192738288888886,15.000000000000000,900.000000000000000,100.000000000000000,1,900.000000000000000,100.000000000000000
sb_b,L3,2025-11-21 19:15:00,20251121,191500,2025-11-21 19:15:00,19,2025-11-21,3.293462422222223,13.173849688888891,13.173849688888883,15.000000000000000,900.000000000000000,100.000000000000000,1,900.000000000000000,100.000000000000000
sb_b,ALL,2025-11-21 19:15:00,20251121,191500,2025-11-21 19:15:00,19,2025-11-21,10.980605408333332,43.922421633333329,14.640807211111106,15.000000000000000,900.000000000000000,100.000000000000000,1,900.000000000000000,100.000000000000000
sb_b,L1,2025-11-21 19:30:00,20251121,193000,2025-11-21 19:30:00,19,2025-11-21,4.058931963888891,16.235727855555563,16.235727855555560,15.000000000000000,900.000000000000000,100.000000000000000,1,900.000000000000000,100.000000000000000
sb_b,L2,2025-11-21 19:30:00,20251121,193000,2025-11-21 19:30:00,19,2025-11-21,2.917711841666666,11.670847366666663,11.670847366666667,15.000000000000000,900.000000000000000,100.000000000000000,1,900.000000000000000,100.000000000000000
sb_b,L3,2025-11-21 19:30:00,20251121,193000,2025-11-21 19:30:00,19,2025-11-21,2.871508841666666,11.486035366666664,11.486035366666675,15.000000000000000,900.000000000000000,100.000000000000000,1,900.000000000000000,100.000000000000000
sb_b,ALL,2025-11-21 19:30:00,20251121,193000,2025-11-21 19:30:00,19,2025-11-21,9.848152647222221,39.392610588888886,13.130870196296298,15.000000000000000,900.000000000000000,100.000000000000000,1,900.000000000000000,100.000000000000000
sb_b,L1,2025-11-21 19:45:00,20251121,194500,2025-11-21 19:45:00,19,2025-11-21,3.488060097222222,13.952240388888887,13.952240388888891,15.000000000000000,900.000000000000000,100.000000000000000,1,900.000000000000000,100.000000000000000
sb_b,L2,2025-11-21 19:45:00,20251121,194500,2025-11-21 19:45:00,19,2025-11-21,2.415387608333334,9.661550433333336,9.661550433333328,15.000000000000000,900.000000000000000,100.000000000000000,1,900.000000000000000,100.000000000000000
sb_b,L3,2025-11-21 19:45:00,20251121,194500,2025-11-21 19:45:00,19,2025-11-21,2.407467919444447,9.629871677777787,9.629871677777778,15.000000000000000,900.000000000000000,100.000000000000000,1,900.000000000000000,100.000000000000000
sb_b,ALL,2025-11-21 19:45:00,20251121,194500,2025-11-21 19:45:00,19,2025-11-21,8.310915625000002,33.243662500000006,11.081220833333331,15.000000000000000,900.000000000000000,100.000000000000000,1,900.000000000000000,100.000000000000000
sb_b,L1,2025-11-21 20:00:00,20251121,200000,2025-11-21 20:00:00,20,2025-11-21,4.513860925000000,18.055443700000001,18.055443700000016,15.000000000000000,900.000000000000000,100.000000000000000,1,900.000000000000000,100.000000000000000
sb_b,L2,2025-11-21 20:00:00,20251121,200000,2025-11-21 20:00:00,20,2025-11-21,3.571802444444446,14.287209777777784,14.287209777777766,15.000000000000000,900.000000000000000,100.000000000000000,1,900.000000000000000,100.000000000000000
sb_b,L3,2025-11-21 20:00:00,20251121,200000,2025-11-21 20:00:00,20,2025-11-21,3.498150719444444,13.992602877777776,13.992602877777784,15.000000000000000,900.000000000000000,100.000000000000000,1,900.000000000000000,100.000000000000000
sb_b,ALL,2025-11-21 20:00:00,20251121,200000,2025-11-21 20:00:00,20,2025-11-21,11.583814088888889,46.335256355555558,15.445085451851858,15.000000000000000,900.000000000000000,100.000000000000000,1,900.000000000000000,100.000000000000000
sb_b,L1,2025-11-21 20:15:00,20251121,201500,2025-11-21 20:15:00,20,2025-11-21,3.123053380555555,12.492213522222219,12.492213522222219,15.000000000000000,900.000000000000000,100.000000000000000,1,900.000000000000000,100.000000000000000
sb_b,L2,2025-11-21 20:15:00,20251121,201500,2025-11-21 20:15:00,20,2025-11-21,1.978456716666666,7.913826866666666,7.913826866666672,15.000000000000000,900.000000000000000,100.000000000000000,1,900.000000000000000,100.000000000000000
sb_b,L3,2025-11-21 20:15:00,20251121,201500,2025-11-21 20:15:00,20,2025-11-21,2.005728983333332,8.022915933333330,8.022915933333328,15.000000000000000,900.000000000000000,100.000000000000000,1,900.000000000000000,100.000000000000000
sb_b,ALL,2025-11-21 20:15:00,20251121,201500,2025-11-21 20:15:00,20,2025-11-21,7.107239080555553,28.428956322222213,9.476318774074073,15.000000000000000,900.000000000000000,100.000000000000000,1,900.000000000000000,100.000000000000000
sb_b,L1,2025-11-21 20:30:00,20251121,203000,2025-11-21 20:30:00,20,2025-11-21,3.274093222222221,13.096372888888885,13.096372888888890,15.000000000000000,900.000000000000000,100.000000000000000,1,900.000000000000000,100.000000000000000
sb_b,L2,2025-11-21 20:30:00,20251121,203000,2025-11-21 20:30:00,20,2025-11-21,2.122069313888888,8.488277255555552,8.488277255555552,15.000000000000000,900.000000000000000,100.000000000000000,1,900.000000000000000,100.000000000000000
sb_b,L3,2025-11-21 20:30:00,20251121,203000,2025-11-21 20:30:00,20,2025-11-21,2.139439875000001,8.557759500000003,8.557759499999994,15.000000000000000,900.000000000000000,100.000000000000000,1,900.000000000000000,100.000000000000000
sb_b,ALL,2025-11-21 20:30:00,20251121,203000,2025-11-21 20:30:00,20,2025-11-21,7.535602411111110,30.142409644444442,10.047469881481479,15.000000000000000,900.000000000000000,100.000000000000000,1,900.000000000000000,100.000000000000000
sb_b,L1,2025-11-21 20:45:00,20251121,204500,2025-11-21 20:45:00,20,2025-11-21,3.210213011111112,12.840852044444446,12.840852044444448,15.000000000000000,900.000000000000000,100.000000000000000,1,900.000000000000000,100.000000000000000
sb_b,L2,2025-11-21 20:45:00,20251121,204500,2025-11-21 20:45:00,20,2025-11-21,2.029550252777777,8.118201011111109,8.118201011111109,15.000000000000000,900.000000000000000,100.000000000000000,1,900.000000000000000,100.000000000000000
sb_b,L3,2025-11-21 20:45:00,20251121,204500,2025-11-21 20:45:00,20,2025-11-21,2.058281677777779,8.233126711111115,8.233126711111112,15.000000000000000,900.000000000000000,100.000000000000000,1,900.000000000000000,100.000000000000000
sb_b,ALL,2025-11-21 20:45:00,20251121,204500,2025-11-21 20:45:00,20,2025-11-21,7.298044941666667,29.192179766666669,9.730726588888889,15.000000000000000,900.000000000000000,100.000000000000000,1,900.000000000000000,100.000000000000000
sb_b,L1,2025-11-21 21:00:00,20251121,210000,2025-11-21 21:00:00,21,2025-11-21,3.981892394444443,15.927569577777772,15.927569577777781,15.000000000000000,900.000000000000000,100.000000000000000,1,900.000000000000000,100.000000000000000
sb_b,L2,2025-11-21 21:00:00,20251121,210000,2025-11-21 21:00:00,21,2025-11-21,2.906763830555556,11.627055322222224,11.627055322222223,15.000000000000000,900.000000000000000,100.000000000000000,1,900.000000000000000,100.000000000000000
sb_b,L3,2025-11-21 21:00:00,20251121,210000,2025-11-21 21:00:00,21,2025-11-21,2.885331094444444,11.541324377777775,11.541324377777775,15.000000000000000,900.000000000000000,100.000000000000000,1,900.000000000000000,100.000000000000000
sb_b,ALL,2025-11-21 21:00:00,20251121,210000,2025-11-21 21:00:00,21,2025-11-21,9.773987319444442,39.095949277777770,13.031983092592593,15.000000000000000,900.000000000000000,100.000000000000000,1,900.000000000000000,100.000000000000000
sb_b,L1,2025-11-21 21:15:00,20251121,211500,2025-11-21 21:15:00,21,2025-11-21,4.144783916666663,16.579135666666652,16.579135666666662,15.000000000000000,900.000000000000000,100.000000000000000,1,900.000000000000000,100.000000000000000
sb_b,L2,2025-11-21 21:15:00,20251121,211500,2025-11-21 21:15:00,21,2025-11-21,3.012746352777778,12.050985411111112,12.050985411111107,15.000000000000000,900.000000000000000,100.000000000000000,1,900.000000000000000,100.000000000000000
sb_b,L3,2025-11-21 21:15:00,20251121,211500,2025-11-21 21:15:00,21,2025-11-21,3.003110013888889,12.012440055555555,12.012440055555553,15.000000000000000,900.000000000000000,100.000000000000000,1,900.000000000000000,100.000000000000000
sb_b,ALL,2025-11-21 21:15:00,20251121,211500,2025-11-21 21:15:00,21,2025-11-21,10.160640283333329,40.642561133333317,13.547520377777776,15.000000000000000,900.000000000000000,100.000000000000000,1,900.000000000000000,100.000000000000000
sb_b,L1,2025-11-21 21:30:00,20251121,213000,2025-11-21 21:30:00,21,2025-11-21,3.332082716666668,13.328330866666670,13.328330866666672,15.000000000000000,900.000000000000000,100.000000000000000,1,900.000000000000000,100.000000000000000
sb_b,L2,2025-11-21 21:30:00,20251121,213000,2025-11-21 21:30:00,21,2025-11-21,2.122865722222224,8.491462888888897,8.491462888888895,15.000000000000000,900.000000000000000,100.000000000000000,1,900.000000000000000,100.000000000000000
sb_b,L3,2025-11-21 21:30:00,20251121,213000,2025-11-21 21:30:00,21,2025-11-21,2.131473480555555,8.525893922222219,8.525893922222222,15.000000000000000,900.000000000000000,100.000000000000000,1,900.000000000000000,100.000000000000000
sb_b,ALL,2025-11-21 21:30:00,20251121,213000,2025-11-21 21:30:00,21,2025-11-21,7.586421919444446,30.345687677777786,10.115229225925930,15.000000000000000,900.000000000000000,100.000000000000000,1,900.000000000000000,100.000000000000000
sb_b,L1,2025-11-21 21:45:00,20251121,214500,2025-11-21 21:45:00,21,2025-11-21,4.154923877777778,16.619695511111111,16.619695511111118,15.000000000000000,900.000000000000000,100.000000000000000,1,900.000000000000000,100.000000000000000
sb_b,L2,2025-11-21 21:45:00,20251121,214500,2025-11-21 21:45:00,21,2025-11-21,3.000101463888887,12.000405855555547,12.000405855555552,15.000000000000000,900.000000000000000,100.000000000000000,1,900.000000000000000,100.000000000000000
sb_b,L3,2025-11-21 21:45:00,20251121,214500,2025-11-21 21:45:00,21,2025-11-21,2.966584808333332,11.866339233333328,11.866339233333335,15.000000000000000,900.000000000000000,100.000000000000000,1,900.000000000000000,100.000000000000000
sb_b,ALL,2025-11-21 21:45:00,20251121,214500,2025-11-21 21:45:00,21,2025-11-21,10.121610149999997,40.486440599999987,13.495480200000001,15.000000000000000,900.000000000000000,100.000000000000000,1,900.000000000000000,100.000000000000000
sb_b,L1,2025-11-21 22:00:00,20251121,220000,2025-11-21 22:00:00,22,2025-11-21,3.464006022222222,13.856024088888887,13.856024088888896,15.000000000000000,900.000000000000000,100.000000000000000,1,900.000000000000000,100.000000000000000
sb_b,L2,2025-11-21 22:00:00,20251121,220000,2025-11-21 22:00:00,22,2025-11-21,2.286331325000002,9.145325300000009,9.145325299999996,15.000000000000000,900.000000000000000,100.000000000000000,1,900.000000000000000,100.000000000000000
sb_b,L3,2025-11-21 22:00:00,20251121,220000,2025-11-21 22:00:00,22,2025-11-21,2.280033402777779,9.120133611111116,9.120133611111115,15.000000000000000,900.000000000000000,100.000000000000000,1,900.000000000000000,100.000000000000000
sb_b,ALL,2025-11-21 22:00:00,20251121,220000,2025-11-21 22:00:00,22,2025-11-21,8.030370750000003,32.121483000000012,10.707161000000003,15.000000000000000,900.000000000000000,100.000000000000000,1,900.000000000000000,100.000000000000000
sb_b,L1,2025-11-21 22:15:00,20251121,221500,2025-11-21 22:15:00,22,2025-11-21,3.751583324999997,15.006333299999989,15.006333300000009,15.000000000000000,900.000000000000000,100.000000000000000,1,900.000000000000000,100.000000000000000
sb_b,L2,2025-11-21 22:15:00,20251121,221500,2025-11-21 22:15:00,22,2025-11-21,2.600020175000000,10.400080700000000,10.400080699999995,15.000000000000000,900.000000000000000,100.000000000000000,1,900.000000000000000,100.000000000000000
sb_b,L3,2025-11-21 22:15:00,20251121,221500,2025-11-21 22:15:00,22,2025-11-21,2.572010555555559,10.288042222222236,10.288042222222220,15.000000000000000,900.000000000000000,100.000000000000000,1,900.000000000000000,100.000000000000000
sb_b,ALL,2025-11-21 22:15:00,20251121,221500,2025-11-21 22:15:00,22,2025-11-21,8.923614055555557,35.694456222222229,11.898152074074074,15.000000000000000,900.000000000000000,100.000000000000000,1,900.000000000000000,100.000000000000000
sb_b,L1,2025-11-21 22:30:00,20251121,223000,2025-11-21 22:30:00,22,2025-11-21,3.465072569444446,13.860290277777782,13.860290277777768,15.000000000000000,900.000000000000000,100.000000000000000,1,900.000000000000000,100.000000000000000
sb_b,L2,2025-11-21 22:30:00,20251121,223000,2025-11-21 22:30:00,22,2025-11-21,2.338580483333333,9.354321933333333,9.354321933333329,15.000000000000000,900.000000000000000,100.000000000000000,1,900.000000000000000,100.000000000000000
sb_b,L3,2025-11-21 22:30:00,20251121,223000,2025-11-21 22:30:00,22,2025-11-21,2.275443308333332,9.101773233333327,9.101773233333324,15.000000000000000,900.000000000000000,100.000000000000000,1,900.000000000000000,100.000000000000000
sb_b,ALL,2025-11-21 22:30:00,20251121,223000,2025-11-21 22:30:00,22,2025-11-21,8.079096361111111,32.316385444444442,10.772128481481472,15.000000000000000,900.000000000000000,100.000000000000000,1,900.000000000000000,100.000000000000000
sb_b,L1,2025-11-21 22:45:00,20251121,224500,2025-11-21 22:45:00,22,2025-11-21,3.740484786111110,14.961939144444440,14.961939144444447,15.000000000000000,900.000000000000000,100.000000000000000,1,900.000000000000000,100.000000000000000
sb_b,L2,2025-11-21 22:45:00,20251121,224500,2025-11-21 22:45:00,22,2025-11-21,2.618104777777774,10.472419111111098,10.472419111111114,15.000000000000000,900.000000000000000,100.000000000000000,1,900.000000000000000,100.000000000000000
sb_b,L3,2025-11-21 22:45:00,20251121,224500,2025-11-21 22:45:00,22,2025-11-21,2.565690086111110,10.262760344444439,10.262760344444445,15.000000000000000,900.000000000000000,100.000000000000000,1,900.000000000000000,100.000000000000000
sb_b,ALL,2025-11-21 22:45:00,20251121,224500,2025-11-21 22:45:00,22,2025-11-21,8.924279649999995,35.697118599999982,11.899039533333335,15.000000000000000,900.000000000000000,100.000000000000000,1,900.000000000000000,100.000000000000000
sb_b,L1,2025-11-21 23:00:00,20251121,230000,2025-11-21 23:00:00,23,2025-11-21,3.443598202777779,13.774392811111115,13.774392811111111,15.000000000000000,900.000000000000000,100.000000000000000,1,900.000000000000000,100.000000000000000
sb_b,L2,2025-11-21 23:00:00,20251121,230000,2025-11-21 23:00:00,23,2025-11-21,2.391151963888889,9.564607855555554,9.564607855555554,15.000000000000000,900.000000000000000,100.000000000000000,1,900.000000000000000,100.000000000000000
sb_b,L3,2025-11-21 23:00:00,20251121,230000,2025-11-21 23:00:00,23,2025-11-21,2.312798150000001,9.251192600000003,9.251192600000007,15.000000000000000,900.000000000000000,100.000000000000000,1,900.000000000000000,100.000000000000000
sb_b,ALL,2025-11-21 23:00:00,20251121,230000,2025-11-21 23:00:00,23,2025-11-21,8.147548316666668,32.590193266666674,10.863397755555557,15.000000000000000,900.000000000000000,100.000000000000000,1,900.000000000000000,100.000000000000000
sb_b,L1,2025-11-21 23:15:00,20251121,231500,2025-11-21 23:15:00,23,2025-11-21,3.024016622222220,12.096066488888882,12.096066488888891,15.000000000000000,900.000000000000000,100.000000000000000,1,900.000000000000000,100.000000000000000
sb_b,L2,2025-11-21 23:15:00,20251121,231500,2025-11-21 23:15:00,23,2025-11-21,1.910174802777777,7.640699211111110,7.640699211111111,15.000000000000000,900.000000000000000,100.000000000000000,1,900.000000000000000,100.000000000000000
sb_b,L3,2025-11-21 23:15:00,20251121,231500,2025-11-21 23:15:00,23,2025-11-21,1.881176527777778,7.524706111111113,7.524706111111116,15.000000000000000,900.000000000000000,100.000000000000000,1,900.000000000000000,100.000000000000000
sb_b,ALL,2025-11-21 23:15:00,20251121,231500,2025-11-21 23:15:00,23,2025-11-21,6.815367952777777,27.261471811111107,9.087157270370371,15.000000000000000,900.000000000000000,100.000000000000000,1,900.000000000000000,100.000000000000000
sb_b,L1,2025-11-21 23:30:00,20251121,233000,2025-11-21 23:30:00,23,2025-11-21,2.831696166666669,11.326784666666677,11.326784666666663,15.000000000000000,900.000000000000000,100.000000000000000,1,900.000000000000000,100.000000000000000
sb_b,L2,2025-11-21 23:30:00,20251121,233000,2025-11-21 23:30:00,23,2025-11-21,1.714758450000000,6.859033799999999,6.859033800000002,15.000000000000000,900.000000000000000,100.000000000000000,1,900.000000000000000,100.000000000000000
sb_b,L3,2025-11-21 23:30:00,20251121,233000,2025-11-21 23:30:00,23,2025-11-21,1.700334669444445,6.801338677777782,6.801338677777780,15.000000000000000,900.000000000000000,100.000000000000000,1,900.000000000000000,100.000000000000000
sb_b,ALL,2025-11-21 23:30:00,20251121,233000,2025-11-21 23:30:00,23,2025-11-21,6.246789286111114,24.987157144444456,8.329052381481482,15.000000000000000,900.000000000000000,100.000000000000000,1,900.000000000000000,100.000000000000000
sb_b,L1,2025-11-21 23:45:00,20251121,234500,2025-11-21 23:45:00,23,2025-11-21,2.614255211111112,10.457020844444447,10.457020844444450,15.000000000000000,900.000000000000000,100.000000000000000,1,900.000000000000000,100.000000000000000
sb_b,L2,2025-11-21 23:45:00,20251121,234500,2025-11-21 23:45:00,23,2025-11-21,1.471717261111112,5.886869044444448,5.886869044444448,15.000000000000000,900.000000000000000,100.000000000000000,1,900.000000000000000,100.000000000000000
sb_b,L3,2025-11-21 23:45:00,20251121,234500,2025-11-21 23:45:00,23,2025-11-21,1.464952399999999,5.859809599999998,5.859809600000001,15.000000000000000,900.000000000000000,100.000000000000000,1,900.000000000000000,100.000000000000000
sb_b,ALL,2025-11-21 23:45:00,20251121,234500,2025-11-21 23:45:00,23,2025-11-21,5.550924872222224,22.203699488888894,7.401233162962966,15.000000000000000,900.000000000000000,100.000000000000000,1,900.000000000000000,100.000000000000000
