AssetId,Phase,window_start_utc,DateKeyUtc,TimeKeyUtc,WindowStartLocal,HourLocal,DateLocal,Energy_kWh_15m,Demand_kW,AvgPower_kW_15m,Minutes,SecondsObserved,DataCoveragePct,IsReliableWindow,SecondsReliable,ReliableCoveragePct
mi_a,L1,2025-12-11 00:00:00,20251211,0,2025-12-11 00:00:00,0,2025-12-11,24.985336650000004,99.941346600000017,100.052516062291431,14.980000000000000,899.000000000000000,99.888888888888900,1,899.000000000000000,99.888888888888900
mi_a,L2,2025-12-11 00:00:00,20251211,0,2025-12-11 00:00:00,0,2025-12-11,24.144262769444435,96.577051077777739,96.684478275862062,14.980000000000000,899.000000000000000,99.888888888888900,1,899.000000000000000,99.888888888888900
mi_a,L3,2025-12-11 00:00:00,20251211,0,2025-12-11 00:00:00,0,2025-12-11,21.709992005555570,86.839968022222280,86.936564204671868,14.980000000000000,899.000000000000000,99.888888888888900,1,899.000000000000000,99.888888888888900
mi_a,ALL,2025-12-11 00:00:00,20251211,0,2025-12-11 00:00:00,0,2025-12-11,70.839591425000009,283.358365700000036,94.557852847608444,15.000000000000000,900.000000000000000,100.000000000000000,1,900.000000000000000,100.000000000000000
mi_a,L1,2025-12-11 00:15:00,20251211,1500,2025-12-11 00:15:00,0,2025-12-11,25.483254938888908,101.933019755555634,101.933019755555563,15.000000000000000,900.000000000000000,100.000000000000000,1,900.000000000000000,100.000000000000000
mi_a,L2,2025-12-11 00:15:00,20251211,1500,2025-12-11 00:15:00,0,2025-12-11,24.900614666666666,99.602458666666664,99.602458666666720,15.000000000000000,900.000000000000000,100.000000000000000,1,900.000000000000000,100.000000000000000
mi_a,L3,2025-12-11 00:15:00,20251211,1500,2025-12-11 00:15:00,0,2025-12-11,22.637765661111125,90.551062644444499,90.551062644444428,15.000000000000000,900.000000000000000,100.000000000000000,1,900.000000000000000,100.000000000000000
mi_a,ALL,2025-12-11 00:15:00,20251211,1500,2025-12-11 00:15:00,0,2025-12-11,73.021635266666706,292.086541066666825,97.362180355555566,15.000000000000000,900.000000000000000,100.000000000000000,1,900.000000000000000,100.000000000000000
mi_a,L1,2025-12-11 00:30:00,20251211,3000,2025-12-11 00:30:00,0,2025-12-11,24.704585422222227,98.818341688888907,98.818341688888850,15.000000000000000,900.000000000000000,100.000000000000000,1,900.000000000000000,100.000000000000000
mi_a,L2,2025-12-11 00:30:00,20251211,3000,2025-12-11 00:30:00,0,2025-12-11,24.712422847222221,98.849691388888886,98.849691388888942,15.000000000000000,900.000000000000000,100.000000000000000,1,900.000000000000000,100.000000000000000
mi_a,L3,2025-12-11 00:30:00,20251211,3000,2025-12-11 00:30:00,0,2025-12-11,22.432266575000018,89.729066300000071,89.729066300000000,15.000000000000000,900.000000000000000,100.000000000000000,1,900.000000000000000,100.000000000000000
mi_a,ALL,2025-12-11 00:30:00,20251211,3000,2025-12-11 00:30:00,0,2025-12-11,71.849274844444466,287.397099377777863,95.799033125925931,15.000000000000000,900.000000000000000,100.000000000000000,1,900.000000000000000,100.000000000000000
mi_a,L1,2025-12-11 00:45:00,20251211,4500,2025-12-11 00:45:00,0,2025-12-11,23.460283263888883,93.841133055555531,93.841133055555602,15.000000000000000,900.000000000000000,100.000000000000000,1,900.000000000000000,100.000000000000000
mi_a,L2,2025-12-11 00:45:00,20251211,4500,2025-12-11 00:45:00,0,2025-12-11,23.601690711111125,94.406762844444501,94.406762844444458,15.000000000000000,900.000000000000000,100.000000000000000,1,900.000000000000000,100.000000000000000
mi_a,L3,2025-12-11 00:45:00,20251211,4500,2025-12-11 00:45:00,0,2025-12-11,21.273060630555545,85.092242522222179,85.092242522222264,15.000000000000000,900.000000000000000,100.000000000000000,1,900.000000000000000,100.000000000000000
mi_a,ALL,2025-12-11 00:45:00,20251211,4500,2025-12-11 00:45:00,0,2025-12-11,68.335034605555549,273.340138422222196,91.113379474074108,15.000000000000000,900.000000000000000,100.000000000000000,1,900.000000000000000,100.000000000000000
mi_a,L1,2025-12-11 01:00:00,20251211,10000,2025-12-11 01:00:00,1,2025-12-11,24.557913305555562,98.231653222222249,98.231653222222235,15.000000000000000,900.000000000000000,100.000000000000000,1,900.000000000000000,100.000000000000000
mi_a,L2,2025-12-11 01:00:00,20251211,10000,2025-12-11 01:00:00,1,2025-12-11,24.428955347222217,97.715821388888870,97.715821388888898,15.000000000000000,900.000000000000000,100.000000000000000,1,900.000000000000000,100.000000000000000
mi_a,L3,2025-12-11 01:00:00,20251211,10000,2025-12-11 01:00:00,1,2025-12-11,22.339121647222232,89.356486588888927,89.356486588888899,15.000000000000000,900.000000000000000,100.000000000000000,1,900.000000000000000,100.000000000000000
mi_a,ALL,2025-12-11 01:00:00,20251211,10000,2025-12-11 01:00:00,1,2025-12-11,71.325990300000015,285.303961200000060,95.101320400000006,15.000000000000000,900.000000000000000,100.000000000000000,1,900.000000000000000,100.000000000000000
mi_a,L1,2025-12-11 01:15:00,20251211,11500,2025-12-11 01:15:00,1,2025-12-11,26.055349247222214,104.221396988888856,104.221396988888884,15.000000000000000,900.000000000000000,100.000000000000000,1,900.000000000000000,100.000000000000000
mi_a,L2,2025-12-11 01:15:00,20251211,11500,2025-12-11 01:15:00,1,2025-12-11,26.032112116666653,104.128448466666612,104.128448466666612,15.000000000000000,900.000000000000000,100.000000000000000,1,900.000000000000000,100.000000000000000
mi_a,L3,2025-12-11 01:15:00,20251211,11500,2025-12-11 01:15:00,1,2025-12-11,23.822351369444444,95.289405477777777,95.289405477777876,15.000000000000000,900.000000000000000,100.000000000000000,1,900.000000000000000,100.000000000000000
mi_a,ALL,2025-12-11 01:15:00,20251211,11500,2025-12-11 01:15:00,1,2025-12-11,75.909812733333311,303.639250933333244,101.213083644444453,15.000000000000000,900.000000000000000,100.000000000000000,1,900.000000000000000,100.000000000000000
mi_a,L1,2025-12-11 01:30:00,20251211,13000,2025-12-11 01:30:00,1,2025-12-11,25.097691369444426,100.390765477777705,100.390765477777805,15.000000000000000,900.000000000000000,100.000000000000000,1,900.000000000000000,100.000000000000000
mi_a,L2,2025-12-11 01:30:00,20251211,13000,2025-12-11 01:30:00,1,2025-12-11,24.664745458333339,98.658981833333357,98.658981833333314,15.000000000000000,900.000000000000000,100.000000000000000,1,900.000000000000000,100.000000000000000
mi_a,L3,2025-12-11 01:30:00,20251211,13000,2025-12-11 01:30:00,1,2025-12-11,22.678736944444427,90.714947777777709,90.714947777777752,15.000000000000000,900.000000000000000,100.000000000000000,1,900.000000000000000,100.000000000000000
mi_a,ALL,2025-12-11 01:30:00,20251211,13000,2025-12-11 01:30:00,1,2025-12-11,72.441173772222186,289.764695088888743,96.588231696296290,15.000000000000000,900.000000000000000,100.000000000000000,1,900.000000000000000,100.000000000000000
mi_a,L1,2025-12-11 01:45:00,20251211,14500,2025-12-11 01:45:00,1,2025-12-11,25.218232658333317,100.872930633333269,100.872930633333254,15.000000000000000,900.000000000000000,100.000000000000000,1,900.000000000000000,100.000000000000000
mi_a,L2,2025-12-11 01:45:00,20251211,14500,2025-12-11 01:45:00,1,2025-12-11,25.880023436111124,103.520093744444495,103.520093744444466,15.000000000000000,900.000000000000000,100.000000000000000,1,900.000000000000000,100.000000000000000
mi_a,L3,2025-12-11 01:45:00,20251211,14500,2025-12-11 01:45:00,1,2025-12-11,23.581615802777765,94.326463211111061,94.326463211111061,15.000000000000000,900.000000000000000,100.000000000000000,1,900.000000000000000,100.000000000000000
mi_a,ALL,2025-12-11 01:45:00,20251211,14500,2025-12-11 01:45:00,1,2025-12-11,74.679871897222199,298.719487588888796,99.573162529629599,15.000000000000000,900.000000000000000,100.000000000000000,1,900.000000000000000,100.000000000000000
mi_a,L1,2025-12-11 02:00:00,20251211,20000,2025-12-11 02:00:00,2,2025-12-11,24.553994794444439,98.215979177777754,98.215979177777768,15.000000000000000,900.000000000000000,100.000000000000000,1,900.000000000000000,100.000000000000000
mi_a,L2,2025-12-11 02:00:00,20251211,20000,2025-12-11 02:00:00,2,2025-12-11,25.276262477777774,101.105049911111095,101.105049911111138,15.000000000000000,900.000000000000000,100.000000000000000,1,900.000000000000000,100.000000000000000
mi_a,L3,2025-12-11 02:00:00,20251211,20000,2025-12-11 02:00:00,2,2025-12-11,23.105824252777776,92.423297011111103,92.423297011111075,15.000000000000000,900.000000000000000,100.000000000000000,1,900.000000000000000,100.000000000000000
mi_a,ALL,2025-12-11 02:00:00,20251211,20000,2025-12-11 02:00:00,2,2025-12-11,72.936081524999992,291.744326099999967,97.248108699999989,15.000000000000000,900.000000000000000,100.000000000000000,1,900.000000000000000,100.000000000000000
mi_a,L1,2025-12-11 02:15:00,20251211,21500,2025-12-11 02:15:00,2,2025-12-11,23.944535591666675,95.778142366666700,95.778142366666756,15.000000000000000,900.000000000000000,100.000000000000000,1,900.000000000000000,100.000000000000000
mi_a,L2,2025-12-11 02:15:00,20251211,21500,2025-12-11 02:15:00,2,2025-12-11,24.536530050000014,98.146120200000055,98.146120200000084,15.000000000000000,900.000000000000000,100.000000000000000,1,900.000000000000000,100.000000000000000
mi_a,L3,2025-12-11 02:15:00,20251211,21500,2025-12-11 02:15:00,2,2025-12-11,21.950212247222215,87.800848988888859,87.800848988888930,15.000000000000000,900.000000000000000,100.000000000000000,1,900.000000000000000,100.000000000000000
mi_a,ALL,2025-12-11 02:15:00,20251211,21500,2025-12-11 02:15:00,2,2025-12-11,70.431277888888900,281.725111555555600,93.908370518518581,15.000000000000000,900.000000000000000,100.000000000000000,1,900.000000000000000,100.000000000000000
mi_a,L1,2025-12-11 02:30:00,20251211,23000,2025-12-11 02:30:00,2,2025-12-11,23.683860005555559,94.735440022222235,94.735440022222221,15.000000000000000,900.000000000000000,100.000000000000000,1,900.000000000000000,100.000000000000000
mi_a,L2,2025-12-11 02:30:00,20251211,23000,2025-12-11 02:30:00,2,2025-12-11,23.928989422222227,95.715957688888906,95.715957688888906,15.000000000000000,900.000000000000000,100.000000000000000,1,900.000000000000000,100.000000000000000
mi_a,L3,2025-12-11 02:30:00,20251211,23000,2025-12-11 02:30:00,2,2025-12-11,21.644543347222239,86.578173388888956,86.578173388888843,15.000000000000000,900.000000000000000,100.000000000000000,1,900.000000000000000,100.000000000000000
mi_a,ALL,2025-12-11 02:30:00,20251211,23000,2025-12-11 02:30:00,2,2025-12-11,69.257392775000028,277.029571100000112,92.343190366666661,15.000000000000000,900.000000000000000,100.000000000000000,1,900.000000000000000,100.000000000000000
mi_a,L1,2025-12-11 02:45:00,20251211,24500,2025-12-11 02:45:00,2,2025-12-11,26.251865702777778,105.007462811111111,105.007462811111154,15.000000000000000,900.000000000000000,100.000000000000000,1,900.000000000000000,100.000000000000000
mi_a,L2,2025-12-11 02:45:00,20251211,24500,2025-12-11 02:45:00,2,2025-12-11,26.756947100000023,107.027788400000091,107.027788400000020,15.000000000000000,900.000000000000000,100.000000000000000,1,900.000000000000000,100.000000000000000
mi_a,L3,2025-12-11 02:45:00,20251211,24500,2025-12-11 02:45:00,2,2025-12-11,23.979207597222210,95.916830388888840,95.916830388888869,15.000000000000000,900.000000000000000,100.000000000000000,1,900.000000000000000,100.000000000000000
mi_a,ALL,2025-12-11 02:45:00,20251211,24500,2025-12-11 02:45:00,2,2025-12-11,76.988020400000011,307.952081600000042,102.650693866666685,15.000000000000000,900.000000000000000,100.000000000000000,1,900.000000000000000,100.000000000000000
mi_a,L1,2025-12-11 03:00:00,20251211,30000,2025-12-11 03:00:00,3,2025-12-11,26.146140805555529,104.584563222222116,104.584563222222201,15.000000000000000,900.000000000000000,100.000000000000000,1,900.000000000000000,100.000000000000000
mi_a,L2,2025-12-11 03:00:00,20251211,30000,2025-12-11 03:00:00,3,2025-12-11,25.832161547222210,103.328646188888840,103.328646188888911,15.000000000000000,900.000000000000000,100.000000000000000,1,900.000000000000000,100.000000000000000
mi_a,L3,2025-12-11 03:00:00,20251211,30000,2025-12-11 03:00:00,3,2025-12-11,23.840200033333332,95.360800133333328,95.360800133333385,15.000000000000000,900.000000000000000,100.000000000000000,1,900.000000000000000,100.000000000000000
mi_a,ALL,2025-12-11 03:00:00,20251211,30000,2025-12-11 03:00:00,3,2025-12-11,75.818502386111078,303.274009544444311,101.091336514814842,15.000000000000000,900.000000000000000,100.000000000000000,1,900.000000000000000,100.000000000000000
mi_a,L1,2025-12-11 03:15:00,20251211,31500,2025-12-11 03:15:00,3,2025-12-11,23.208126483333338,92.832505933333351,92.832505933333408,15.000000000000000,900.000000000000000,100.000000000000000,1,900.000000000000000,100.000000000000000
mi_a,L2,2025-12-11 03:15:00,20251211,31500,2025-12-11 03:15:00,3,2025-12-11,23.495291447222218,93.981165788888873,93.981165788888816,15.000000000000000,900.000000000000000,100.000000000000000,1,900.000000000000000,100.000000000000000
mi_a,L3,2025-12-11 03:15:00,20251211,31500,2025-12-11 03:15:00,3,2025-12-11,21.300649461111117,85.202597844444469,85.202597844444497,15.000000000000000,900.000000000000000,100.000000000000000,1,900.000000000000000,100.000000000000000
mi_a,ALL,2025-12-11 03:15:00,20251211,31500,2025-12-11 03:15:00,3,2025-12-11,68.004067391666666,272.016269566666665,90.672089855555583,15.000000000000000,900.000000000000000,100.000000000000000,1,900.000000000000000,100.000000000000000
mi_a,L1,2025-12-11 03:30:00,20251211,33000,2025-12-11 03:30:00,3,2025-12-11,22.345255102777767,89.381020411111066,89.381020411111123,15.000000000000000,900.000000000000000,100.000000000000000,1,900.000000000000000,100.000000000000000
mi_a,L2,2025-12-11 03:30:00,20251211,33000,2025-12-11 03:30:00,3,2025-12-11,22.773964336111103,91.095857344444411,91.095857344444511,15.000000000000000,900.000000000000000,100.000000000000000,1,900.000000000000000,100.000000000000000
mi_a,L3,2025-12-11 03:30:00,20251211,33000,2025-12-11 03:30:00,3,2025-12-11,20.699331869444446,82.797327477777785,82.797327477777770,15.000000000000000,900.000000000000000,100.000000000000000,1,900.000000000000000,100.000000000000000
mi_a,ALL,2025-12-11 03:30:00,20251211,33000,2025-12-11 03:30:00,3,2025-12-11,65.818551308333312,263.274205233333248,87.758068411111140,15.000000000000000,900.000000000000000,100.000000000000000,1,900.000000000000000,100.000000000000000
mi_a,L1,2025-12-11 03:45:00,20251211,34500,2025-12-11 03:45:00,3,2025-12-11,24.403160461111099,97.612641844444397,97.612641844444440,15.000000000000000,900.000000000000000,100.000000000000000,1,900.000000000000000,100.000000000000000
mi_a,L2,2025-12-11 03:45:00,20251211,34500,2025-12-11 03:45:00,3,2025-12-11,24.552634033333330,98.210536133333321,98.210536133333292,15.000000000000000,900.000000000000000,100.000000000000000,1,900.000000000000000,100.000000000000000
mi_a,L3,2025-12-11 03:45:00,20251211,34500,2025-12-11 03:45:00,3,2025-12-11,22.418391772222225,89.673567088888902,89.673567088888845,15.000000000000000,900.000000000000000,100.000000000000000,1,900.000000000000000,100.000000000000000
mi_a,ALL,2025-12-11 03:45:00,20251211,34500,2025-12-11 03:45:00,3,2025-12-11,71.374186266666655,285.496745066666620,95.165581688888849,15.000000000000000,900.000000000000000,100.000000000000000,1,900.000000000000000,100.000000000000000
mi_a,L1,2025-12-11 04:00:00,20251211,40000,2025-12-11 04:00:00,4,2025-12-11,24.020675947222220,96.082703788888878,96.082703788888935,15.000000000000000,900.000000000000000,100.000000000000000,1,900.000000000000000,100.000000000000000
mi_a,L2,2025-12-11 04:00:00,20251211,40000,2025-12-11 04:00:00,4,2025-12-11,24.107829522222218,96.431318088888872,96.431318088888943,15.000000000000000,900.000000000000000,100.000000000000000,1,900.000000000000000,100.000000000000000
mi_a,L3,2025-12-11 04:00:00,20251211,40000,2025-12-11 04:00:00,4,2025-12-11,21.906977563888887,87.627910255555548,87.627910255555562,15.000000000000000,900.000000000000000,100.000000000000000,1,900.000000000000000,100.000000000000000
mi_a,ALL,2025-12-11 04:00:00,20251211,40000,2025-12-11 04:00:00,4,2025-12-11,70.035483033333321,280.141932133333285,93.380644044444480,15.000000000000000,900.000000000000000,100.000000000000000,1,900.000000000000000,100.000000000000000
mi_a,L1,2025-12-11 04:15:00,20251211,41500,2025-12-11 04:15:00,4,2025-12-11,25.043309402777776,100.173237611111105,100.173237611111048,15.000000000000000,900.000000000000000,100.000000000000000,1,900.000000000000000,100.000000000000000
mi_a,L2,2025-12-11 04:15:00,20251211,41500,2025-12-11 04:15:00,4,2025-12-11,25.164340008333344,100.657360033333376,100.657360033333390,15.000000000000000,900.000000000000000,100.000000000000000,1,900.000000000000000,100.000000000000000
mi_a,L3,2025-12-11 04:15:00,20251211,41500,2025-12-11 04:15:00,4,2025-12-11,22.706119377777775,90.824477511111098,90.824477511111198,15.000000000000000,900.000000000000000,100.000000000000000,1,900.000000000000000,100.000000000000000
mi_a,ALL,2025-12-11 04:15:00,20251211,41500,2025-12-11 04:15:00,4,2025-12-11,72.913768788888902,291.655075155555608,97.218358385185212,15.000000000000000,900.000000000000000,100.000000000000000,1,900.000000000000000,100.000000000000000
mi_a,L1,2025-12-11 04:30:00,20251211,43000,2025-12-11 04:30:00,4,2025-12-11,25.496666277777756,101.986665111111023,101.986665111111137,15.000000000000000,900.000000000000000,100.000000000000000,1,900.000000000000000,100.000000000000000
mi_a,L2,2025-12-11 04:30:00,20251211,43000,2025-12-11 04:30:00,4,2025-12-11,25.556337505555547,102.225350022222187,102.225350022222202,15.000000000000000,900.000000000000000,100.000000000000000,1,900.000000000000000,100.000000000000000
mi_a,L3,2025-12-11 04:30:00,20251211,43000,2025-12-11 04:30:00,4,2025-12-11,23.323414641666663,93.293658566666650,93.293658566666622,15.000000000000000,900.000000000000000,100.000000000000000,1,900.000000000000000,100.000000000000000
mi_a,ALL,2025-12-11 04:30:00,20251211,43000,2025-12-11 04:30:00,4,2025-12-11,74.376418424999969,297.505673699999875,99.168557899999996,15.000000000000000,900.000000000000000,100.000000000000000,1,900.000000000000000,100.000000000000000
mi_a,L1,2025-12-11 04:45:00,20251211,44500,2025-12-11 04:45:00,4,2025-12-11,23.638172519444446,94.552690077777783,94.552690077777768,15.000000000000000,900.000000000000000,100.000000000000000,1,900.000000000000000,100.000000000000000
mi_a,L2,2025-12-11 04:45:00,20251211,44500,2025-12-11 04:45:00,4,2025-12-11,23.838733511111108,95.354934044444434,95.354934044444462,15.000000000000000,900.000000000000000,100.000000000000000,1,900.000000000000000,100.000000000000000
mi_a,L3,2025-12-11 04:45:00,20251211,44500,2025-12-11 04:45:00,4,2025-12-11,21.906821338888886,87.627285355555543,87.627285355555600,15.000000000000000,900.000000000000000,100.000000000000000,1,900.000000000000000,100.000000000000000
mi_a,ALL,2025-12-11 04:45:00,20251211,44500,2025-12-11 04:45:00,4,2025-12-11,69.383727369444443,277.534909477777774,92.511636492592601,15.000000000000000,900.000000000000000,100.000000000000000,1,900.000000000000000,100.000000000000000
mi_a,L1,2025-12-11 05:00:00,20251211,50000,2025-12-11 05:00:00,5,2025-12-11,21.928015097222229,87.712060388888915,87.712060388888901,15.000000000000000,900.000000000000000,100.000000000000000,1,900.000000000000000,100.000000000000000
mi_a,L2,2025-12-11 05:00:00,20251211,50000,2025-12-11 05:00:00,5,2025-12-11,21.435910949999979,85.743643799999916,85.743643800000001,15.000000000000000,900.000000000000000,100.000000000000000,1,900.000000000000000,100.000000000000000
mi_a,L3,2025-12-11 05:00:00,20251211,50000,2025-12-11 05:00:00,5,2025-12-11,19.781480533333330,79.125922133333319,79.125922133333319,15.000000000000000,900.000000000000000,100.000000000000000,1,900.000000000000000,100.000000000000000
mi_a,ALL,2025-12-11 05:00:00,20251211,50000,2025-12-11 05:00:00,5,2025-12-11,63.145406580555537,252.581626322222149,84.193875440740740,15.000000000000000,900.000000000000000,100.000000000000000,1,900.000000000000000,100.000000000000000
mi_a,L1,2025-12-11 05:15:00,20251211,51500,2025-12-11 05:15:00,5,2025-12-11,23.743901611111109,94.975606444444438,94.975606444444438,15.000000000000000,900.000000000000000,100.000000000000000,1,900.000000000000000,100.000000000000000
mi_a,L2,2025-12-11 05:15:00,20251211,51500,2025-12-11 05:15:00,5,2025-12-11,23.925934227777780,95.703736911111122,95.703736911111108,15.000000000000000,900.000000000000000,100.000000000000000,1,900.000000000000000,100.000000000000000
mi_a,L3,2025-12-11 05:15:00,20251211,51500,2025-12-11 05:15:00,5,2025-12-11,21.998891313888873,87.995565255555491,87.995565255555576,15.000000000000000,900.000000000000000,100.000000000000000,1,900.000000000000000,100.000000000000000
mi_a,ALL,2025-12-11 05:15:00,20251211,51500,2025-12-11 05:15:00,5,2025-12-11,69.668727152777763,278.674908611111050,92.891636203703698,15.000000000000000,900.000000000000000,100.000000000000000,1,900.000000000000000,100.000000000000000
mi_a,L1,2025-12-11 05:30:00,20251211,53000,2025-12-11 05:30:00,5,2025-12-11,24.400722974999997,97.602891899999989,97.602891900000060,15.000000000000000,900.000000000000000,100.000000000000000,1,900.000000000000000,100.000000000000000
mi_a,L2,2025-12-11 05:30:00,20251211,53000,2025-12-11 05:30:00,5,2025-12-11,24.666303147222202,98.665212588888807,98.665212588888906,15.000000000000000,900.000000000000000,100.000000000000000,1,900.000000000000000,100.000000000000000
mi_a,L3,2025-12-11 05:30:00,20251211,53000,2025-12-11 05:30:00,5,2025-12-11,22.380303794444423,89.521215177777691,89.521215177777734,15.000000000000000,900.000000000000000,100.000000000000000,1,900.000000000000000,100.000000000000000
mi_a,ALL,2025-12-11 05:30:00,20251211,53000,2025-12-11 05:30:00,5,2025-12-11,71.447329916666632,285.789319666666529,95.263106555555567,15.000000000000000,900.000000000000000,100.000000000000000,1,900.000000000000000,100.000000000000000
mi_a,L1,2025-12-11 05:45:00,20251211,54500,2025-12-11 05:45:00,5,2025-12-11,24.476645461111094,97.906581844444375,97.906581844444418,15.000000000000000,900.000000000000000,100.000000000000000,1,900.000000000000000,100.000000000000000
mi_a,L2,2025-12-11 05:45:00,20251211,54500,2025-12-11 05:45:00,5,2025-12-11,24.579398047222238,98.317592188888952,98.317592188888867,15.000000000000000,900.000000000000000,100.000000000000000,1,900.000000000000000,100.000000000000000
mi_a,L3,2025-12-11 05:45:00,20251211,54500,2025-12-11 05:45:00,5,2025-12-11,22.426167027777787,89.704668111111147,89.704668111111118,15.000000000000000,900.000000000000000,100.000000000000000,1,900.000000000000000,100.000000000000000
mi_a,ALL,2025-12-11 05:45:00,20251211,54500,2025-12-11 05:45:00,5,2025-12-11,71.482210536111126,285.928842144444502,95.309614048148134,15.000000000000000,900.000000000000000,100.000000000000000,1,900.000000000000000,100.000000000000000
mi_a,L1,2025-12-11 06:00:00,20251211,60000,2025-12-11 06:00:00,6,2025-12-11,27.113955722222215,108.455822888888861,108.455822888888974,15.000000000000000,900.000000000000000,100.000000000000000,1,900.000000000000000,100.000000000000000
mi_a,L2,2025-12-11 06:00:00,20251211,60000,2025-12-11 06:00:00,6,2025-12-11,27.434635852777806,109.738543411111223,109.738543411111110,15.000000000000000,900.000000000000000,100.000000000000000,1,900.000000000000000,100.000000000000000
mi_a,L3,2025-12-11 06:00:00,20251211,60000,2025-12-11 06:00:00,6,2025-12-11,25.314654349999977,101.258617399999906,101.258617400000034,15.000000000000000,900.000000000000000,100.000000000000000,1,900.000000000000000,100.000000000000000
mi_a,ALL,2025-12-11 06:00:00,20251211,60000,2025-12-11 06:00:00,6,2025-12-11,79.863245925000001,319.452983700000004,106.484327900000039,15.000000000000000,900.000000000000000,100.000000000000000,1,900.000000000000000,100.000000000000000
mi_a,L1,2025-12-11 06:15:00,20251211,61500,2025-12-11 06:15:00,6,2025-12-11,30.923769694444449,123.695078777777795,123.695078777777766,15.000000000000000,900.000000000000000,100.000000000000000,1,900.000000000000000,100.000000000000000
mi_a,L2,2025-12-11 06:15:00,20251211,61500,2025-12-11 06:15:00,6,2025-12-11,32.239762213888909,128.959048855555636,128.959048855555579,15.000000000000000,900.000000000000000,100.000000000000000,1,900.000000000000000,100.000000000000000
mi_a,L3,2025-12-11 06:15:00,20251211,61500,2025-12-11 06:15:00,6,2025-12-11,30.230411241666683,120.921644966666733,120.921644966666776,15.000000000000000,900.000000000000000,100.000000000000000,1,900.000000000000000,100.000000000000000
mi_a,ALL,2025-12-11 06:15:00,20251211,61500,2025-12-11 06:15:00,6,2025-12-11,93.393943150000041,373.575772600000164,124.525257533333374,15.000000000000000,900.000000000000000,100.000000000000000,1,900.000000000000000,100.000000000000000
mi_a,L1,2025-12-11 06:30:00,20251211,63000,2025-12-11 06:30:00,6,2025-12-11,29.844100719444452,119.376402877777807,119.376402877777807,15.000000000000000,900.000000000000000,100.000000000000000,1,900.000000000000000,100.000000000000000
mi_a,L2,2025-12-11 06:30:00,20251211,63000,2025-12-11 06:30:00,6,2025-12-11,30.399413719444457,121.597654877777828,121.597654877777657,15.000000000000000,900.000000000000000,100.000000000000000,1,900.000000000000000,100.000000000000000
mi_a,L3,2025-12-11 06:30:00,20251211,63000,2025-12-11 06:30:00,6,2025-12-11,28.706386447222226,114.825545788888903,114.825545788888860,15.000000000000000,900.000000000000000,100.000000000000000,1,900.000000000000000,100.000000000000000
mi_a,ALL,2025-12-11 06:30:00,20251211,63000,2025-12-11 06:30:00,6,2025-12-11,88.949900886111138,355.799603544444551,118.599867848148094,15.000000000000000,900.000000000000000,100.000000000000000,1,900.000000000000000,100.000000000000000
mi_a,L1,2025-12-11 06:45:00,20251211,64500,2025-12-11 06:45:00,6,2025-12-11,27.565484297222206,110.261937188888822,110.261937188888894,15.000000000000000,900.000000000000000,100.000000000000000,1,900.000000000000000,100.000000000000000
mi_a,L2,2025-12-11 06:45:00,20251211,64500,2025-12-11 06:45:00,6,2025-12-11,28.030326611111125,112.121306444444500,112.121306444444414,15.000000000000000,900.000000000000000,100.000000000000000,1,900.000000000000000,100.000000000000000
mi_a,L3,2025-12-11 06:45:00,20251211,64500,2025-12-11 06:45:00,6,2025-12-11,26.432202102777776,105.728808411111103,105.728808411111132,15.000000000000000,900.000000000000000,100.000000000000000,1,900.000000000000000,100.000000000000000
mi_a,ALL,2025-12-11 06:45:00,20251211,64500,2025-12-11 06:45:00,6,2025-12-11,82.028013011111099,328.112052044444397,109.370684014814813,15.000000000000000,900.000000000000000,100.000000000000000,1,900.000000000000000,100.000000000000000
mi_a,L1,2025-12-11 07:00:00,20251211,70000,2025-12-11 07:00:00,7,2025-12-11,28.996027038888872,115.984108155555489,115.984108155555560,15.000000000000000,900.000000000000000,100.000000000000000,1,900.000000000000000,100.000000000000000
mi_a,L2,2025-12-11 07:00:00,20251211,70000,2025-12-11 07:00:00,7,2025-12-11,28.358282058333309,113.433128233333235,113.433128233333221,15.000000000000000,900.000000000000000,100.000000000000000,1,900.000000000000000,100.000000000000000
mi_a,L3,2025-12-11 07:00:00,20251211,70000,2025-12-11 07:00:00,7,2025-12-11,26.495902897222219,105.983611588888877,105.983611588888920,15.000000000000000,900.000000000000000,100.000000000000000,1,900.000000000000000,100.000000000000000
mi_a,ALL,2025-12-11 07:00:00,20251211,70000,2025-12-11 07:00:00,7,2025-12-11,83.850211994444408,335.400847977777630,111.800282659259224,15.000000000000000,900.000000000000000,100.000000000000000,1,900.000000000000000,100.000000000000000
mi_a,L1,2025-12-11 07:15:00,20251211,71500,2025-12-11 07:15:00,7,2025-12-11,30.478797897222218,121.915191588888874,121.915191588888845,15.000000000000000,900.000000000000000,100.000000000000000,1,900.000000000000000,100.000000000000000
mi_a,L2,2025-12-11 07:15:00,20251211,71500,2025-12-11 07:15:00,7,2025-12-11,29.893893702777806,119.575574811111224,119.575574811111068,15.000000000000000,900.000000000000000,100.000000000000000,1,900.000000000000000,100.000000000000000
mi_a,L3,2025-12-11 07:15:00,20251211,71500,2025-12-11 07:15:00,7,2025-12-11,28.498810461111095,113.995241844444379,113.995241844444450,15.000000000000000,900.000000000000000,100.000000000000000,1,900.000000000000000,100.000000000000000
mi_a,ALL,2025-12-11 07:15:00,20251211,71500,2025-12-11 07:15:00,7,2025-12-11,88.871502061111116,355.486008244444463,118.495336081481454,15.000000000000000,900.000000000000000,100.000000000000000,1,900.000000000000000,100.000000000000000
mi_a,L1,2025-12-11 07:30:00,20251211,73000,2025-12-11 07:30:00,7,2025-12-11,29.171109311111117,116.684437244444467,116.684437244444496,15.000000000000000,900.000000000000000,100.000000000000000,1,900.000000000000000,100.000000000000000
mi_a,L2,2025-12-11 07:30:00,20251211,73000,2025-12-11 07:30:00,7,2025-12-11,29.337567130555541,117.350268522222166,117.350268522222180,15.000000000000000,900.000000000000000,100.000000000000000,1,900.000000000000000,100.000000000000000
mi_a,L3,2025-12-11 07:30:00,20251211,73000,2025-12-11 07:30:00,7,2025-12-11,27.528140541666652,110.112562166666606,110.112562166666677,15.000000000000000,900.000000000000000,100.000000000000000,1,900.000000000000000,100.000000000000000
mi_a,ALL,2025-12-11 07:30:00,20251211,73000,2025-12-11 07:30:00,7,2025-12-11,86.036816983333310,344.147267933333239,114.715755977777775,15.000000000000000,900.000000000000000,100.000000000000000,1,900.000000000000000,100.000000000000000
mi_a,L1,2025-12-11 07:45:00,20251211,74500,2025-12-11 07:45:00,7,2025-12-11,32.491566047222221,129.966264188888886,129.966264188888772,15.000000000000000,900.000000000000000,100.000000000000000,1,900.000000000000000,100.000000000000000
mi_a,L2,2025-12-11 07:45:00,20251211,74500,2025-12-11 07:45:00,7,2025-12-11,33.689856802777776,134.759427211111102,134.759427211111046,15.000000000000000,900.000000000000000,100.000000000000000,1,900.000000000000000,100.000000000000000
mi_a,L3,2025-12-11 07:45:00,20251211,74500,2025-12-11 07:45:00,7,2025-12-11,31.925240572222179,127.700962288888718,127.700962288888974,15.000000000000000,900.000000000000000,100.000000000000000,1,900.000000000000000,100.000000000000000
mi_a,ALL,2025-12-11 07:45:00,20251211,74500,2025-12-11 07:45:00,7,2025-12-11,98.106663422222169,392.426653688888678,130.808884562962930,15.000000000000000,900.000000000000000,100.000000000000000,1,900.000000000000000,100.000000000000000
mi_a,L1,2025-12-11 08:00:00,20251211,80000,2025-12-11 08:00:00,8,2025-12-11,31.861847094444439,127.447388377777756,127.447388377777813,15.000000000000000,900.000000000000000,100.000000000000000,1,900.000000000000000,100.000000000000000
mi_a,L2,2025-12-11 08:00:00,20251211,80000,2025-12-11 08:00:00,8,2025-12-11,32.579287266666654,130.317149066666616,130.317149066666616,15.000000000000000,900.000000000000000,100.000000000000000,1,900.000000000000000,100.000000000000000
mi_a,L3,2025-12-11 08:00:00,20251211,80000,2025-12-11 08:00:00,8,2025-12-11,30.500140669444466,122.000562677777864,122.000562677777864,15.000000000000000,900.000000000000000,100.000000000000000,1,900.000000000000000,100.000000000000000
mi_a,ALL,2025-12-11 08:00:00,20251211,80000,2025-12-11 08:00:00,8,2025-12-11,94.941275030555559,379.765100122222236,126.588366707407431,15.000000000000000,900.000000000000000,100.000000000000000,1,900.000000000000000,100.000000000000000
mi_a,L1,2025-12-11 08:15:00,20251211,81500,2025-12-11 08:15:00,8,2025-12-11,32.530585105555559,130.122340422222237,130.122340422222209,15.000000000000000,900.000000000000000,100.000000000000000,1,900.000000000000000,100.000000000000000
mi_a,L2,2025-12-11 08:15:00,20251211,81500,2025-12-11 08:15:00,8,2025-12-11,31.976568641666663,127.906274566666653,127.906274566666724,15.000000000000000,900.000000000000000,100.000000000000000,1,900.000000000000000,100.000000000000000
mi_a,L3,2025-12-11 08:15:00,20251211,81500,2025-12-11 08:15:00,8,2025-12-11,30.511770186111114,122.047080744444457,122.047080744444457,15.000000000000000,900.000000000000000,100.000000000000000,1,900.000000000000000,100.000000000000000
mi_a,ALL,2025-12-11 08:15:00,20251211,81500,2025-12-11 08:15:00,8,2025-12-11,95.018923933333326,380.075695733333305,126.691898577777792,15.000000000000000,900.000000000000000,100.000000000000000,1,900.000000000000000,100.000000000000000
mi_a,L1,2025-12-11 08:30:00,20251211,83000,2025-12-11 08:30:00,8,2025-12-11,33.582211980555549,134.328847922222195,134.328847922222167,15.000000000000000,900.000000000000000,100.000000000000000,1,900.000000000000000,100.000000000000000
mi_a,L2,2025-12-11 08:30:00,20251211,83000,2025-12-11 08:30:00,8,2025-12-11,32.900589777777775,131.602359111111099,131.602359111111127,15.000000000000000,900.000000000000000,100.000000000000000,1,900.000000000000000,100.000000000000000
mi_a,L3,2025-12-11 08:30:00,20251211,83000,2025-12-11 08:30:00,8,2025-12-11,31.280582488888893,125.122329955555571,125.122329955555529,15.000000000000000,900.000000000000000,100.000000000000000,1,900.000000000000000,100.000000000000000
mi_a,ALL,2025-12-11 08:30:00,20251211,83000,2025-12-11 08:30:00,8,2025-12-11,97.763384247222206,391.053536988888823,130.351178996296284,15.000000000000000,900.000000000000000,100.000000000000000,1,900.000000000000000,100.000000000000000
mi_a,L1,2025-12-11 08:45:00,20251211,84500,2025-12-11 08:45:00,8,2025-12-11,42.060107677777779,168.240430711111117,168.240430711110918,15.000000000000000,900.000000000000000,100.000000000000000,1,900.000000000000000,100.000000000000000
mi_a,L2,2025-12-11 08:45:00,20251211,84500,2025-12-11 08:45:00,8,2025-12-11,42.210954597222226,168.843818388888906,168.843818388888820,15.000000000000000,900.000000000000000,100.000000000000000,1,900.000000000000000,100.000000000000000
mi_a,L3,2025-12-11 08:45:00,20251211,84500,2025-12-11 08:45:00,8,2025-12-11,39.616865427777753,158.467461711111014,158.467461711111127,15.000000000000000,900.000000000000000,100.000000000000000,1,900.000000000000000,100.000000000000000
mi_a,ALL,2025-12-11 08:45:00,20251211,84500,2025-12-11 08:45:00,8,2025-12-11,123.887927702777759,495.551710811111036,165.183903603703612,15.000000000000000,900.000000000000000,100.000000000000000,1,900.000000000000000,100.000000000000000
mi_a,L1,2025-12-11 09:00:00,20251211,90000,2025-12-11 09:00:00,9,2025-12-11,35.686519711111103,142.746078844444412,142.746078844444526,15.000000000000000,900.000000000000000,100.000000000000000,1,900.000000000000000,100.000000000000000
mi_a,L2,2025-12-11 09:00:00,20251211,90000,2025-12-11 09:00:00,9,2025-12-11,35.228532561111109,140.914130244444436,140.914130244444493,15.000000000000000,900.000000000000000,100.000000000000000,1,900.000000000000000,100.000000000000000
mi_a,L3,2025-12-11 09:00:00,20251211,90000,2025-12-11 09:00:00,9,2025-12-11,32.871388119444454,131.485552477777816,131.485552477777702,15.000000000000000,900.000000000000000,100.000000000000000,1,900.000000000000000,100.000000000000000
mi_a,ALL,2025-12-11 09:00:00,20251211,90000,2025-12-11 09:00:00,9,2025-12-11,103.786440391666673,415.145761566666692,138.381920522222231,15.000000000000000,900.000000000000000,100.000000000000000,1,900.000000000000000,100.000000000000000
mi_a,L1,2025-12-11 09:15:00,20251211,91500,2025-12-11 09:15:00,9,2025-12-11,34.207372769444433,136.829491077777732,136.829491077777789,15.000000000000000,900.000000000000000,100.000000000000000,1,900.000000000000000,100.000000000000000
mi_a,L2,2025-12-11 09:15:00,20251211,91500,2025-12-11 09:15:00,9,2025-12-11,34.272782997222258,137.091131988889032,137.091131988888918,15.000000000000000,900.000000000000000,100.000000000000000,1,900.000000000000000,100.000000000000000
mi_a,L3,2025-12-11 09:15:00,20251211,91500,2025-12-11 09:15:00,9,2025-12-11,31.699415772222213,126.797663088888854,126.797663088888896,15.000000000000000,900.000000000000000,100.000000000000000,1,900.000000000000000,100.000000000000000
mi_a,ALL,2025-12-11 09:15:00,20251211,91500,2025-12-11 09:15:00,9,2025-12-11,100.179571538888908,400.718286155555631,133.572762051851868,15.000000000000000,900.000000000000000,100.000000000000000,1,900.000000000000000,100.000000000000000
mi_a,L1,2025-12-11 09:30:00,20251211,93000,2025-12-11 09:30:00,9,2025-12-11,35.485993394444442,141.943973577777768,141.943973577777854,15.000000000000000,900.000000000000000,100.000000000000000,1,900.000000000000000,100.000000000000000
mi_a,L2,2025-12-11 09:30:00,20251211,93000,2025-12-11 09:30:00,9,2025-12-11,36.257123330555572,145.028493322222289,145.028493322222204,15.000000000000000,900.000000000000000,100.000000000000000,1,900.000000000000000,100.000000000000000
mi_a,L3,2025-12-11 09:30:00,20251211,93000,2025-12-11 09:30:00,9,2025-12-11,33.799733119444404,135.198932477777618,135.198932477777731,15.000000000000000,900.000000000000000,100.000000000000000,1,900.000000000000000,100.000000000000000
mi_a,ALL,2025-12-11 09:30:00,20251211,93000,2025-12-11 09:30:00,9,2025-12-11,105.542849844444419,422.171399377777675,140.723799792592615,15.000000000000000,900.000000000000000,100.000000000000000,1,900.000000000000000,100.000000000000000
mi_a,L1,2025-12-11 09:45:00,20251211,94500,2025-12-11 09:45:00,9,2025-12-11,36.805950247222206,147.223800988888826,147.223800988888854,15.000000000000000,900.000000000000000,100.000000000000000,1,900.000000000000000,100.000000000000000
mi_a,L2,2025-12-11 09:45:00,20251211,94500,2025-12-11 09:45:00,9,2025-12-11,37.235611936111113,148.942447744444451,148.942447744444422,15.000000000000000,900.000000000000000,100.000000000000000,1,900.000000000000000,100.000000000000000
mi_a,L3,2025-12-11 09:45:00,20251211,94500,2025-12-11 09:45:00,9,2025-12-11,35.145555136111078,140.582220544444311,140.582220544444482,15.000000000000000,900.000000000000000,100.000000000000000,1,900.000000000000000,100.000000000000000
mi_a,ALL,2025-12-11 09:45:00,20251211,94500,2025-12-11 09:45:00,9,2025-12-11,109.187117319444383,436.748469277777531,145.582823092592577,15.000000000000000,900.000000000000000,100.000000000000000,1,900.000000000000000,100.000000000000000
mi_a,L1,2025-12-11 10:00:00,20251211,100000,2025-12-11 10:00:00,10,2025-12-11,37.737856038888893,150.951424155555571,150.951424155555628,15.000000000000000,900.000000000000000,100.000000000000000,1,900.000000000000000,100.000000000000000
mi_a,L2,2025-12-11 10:00:00,20251211,100000,2025-12-11 10:00:00,10,2025-12-11,38.096136883333322,152.384547533333290,152.384547533333347,15.000000000000000,900.000000000000000,100.000000000000000,1,900.000000000000000,100.000000000000000
mi_a,L3,2025-12-11 10:00:00,20251211,100000,2025-12-11 10:00:00,10,2025-12-11,35.865724066666665,143.462896266666661,143.462896266666661,15.000000000000000,900.000000000000000,100.000000000000000,1,900.000000000000000,100.000000000000000
mi_a,ALL,2025-12-11 10:00:00,20251211,100000,2025-12-11 10:00:00,10,2025-12-11,111.699716988888866,446.798867955555465,148.932955985185203,15.000000000000000,900.000000000000000,100.000000000000000,1,900.000000000000000,100.000000000000000
mi_a,L1,2025-12-11 10:15:00,20251211,101500,2025-12-11 10:15:00,10,2025-12-11,39.933720636111111,159.734882544444446,159.734882544444332,15.000000000000000,900.000000000000000,100.000000000000000,1,900.000000000000000,100.000000000000000
mi_a,L2,2025-12-11 10:15:00,20251211,101500,2025-12-11 10:15:00,10,2025-12-11,40.141027922222243,160.564111688888971,160.564111688889000,15.000000000000000,900.000000000000000,100.000000000000000,1,900.000000000000000,100.000000000000000
mi_a,L3,2025-12-11 10:15:00,20251211,101500,2025-12-11 10:15:00,10,2025-12-11,38.119476688888888,152.477906755555551,152.477906755555608,15.000000000000000,900.000000000000000,100.000000000000000,1,900.000000000000000,100.000000000000000
mi_a,ALL,2025-12-11 10:15:00,20251211,101500,2025-12-11 10:15:00,10,2025-12-11,118.194225247222249,472.776900988888997,157.592300329629637,15.000000000000000,900.000000000000000,100.000000000000000,1,900.000000000000000,100.000000000000000
mi_a,L1,2025-12-11 10:30:00,20251211,103000,2025-12-11 10:30:00,10,2025-12-11,37.353251772222251,149.413007088889003,149.413007088888747,15.000000000000000,900.000000000000000,100.000000000000000,1,900.000000000000000,100.000000000000000
mi_a,L2,2025-12-11 10:30:00,20251211,103000,2025-12-11 10:30:00,10,2025-12-11,36.670194466666658,146.680777866666631,146.680777866666631,15.000000000000000,900.000000000000000,100.000000000000000,1,900.000000000000000,100.000000000000000
mi_a,L3,2025-12-11 10:30:00,20251211,103000,2025-12-11 10:30:00,10,2025-12-11,34.902919122222229,139.611676488888918,139.611676488888804,15.000000000000000,900.000000000000000,100.000000000000000,1,900.000000000000000,100.000000000000000
mi_a,ALL,2025-12-11 10:30:00,20251211,103000,2025-12-11 10:30:00,10,2025-12-11,108.926365361111138,435.705461444444552,145.235153814814737,15.000000000000000,900.000000000000000,100.000000000000000,1,900.000000000000000,100.000000000000000
mi_a,L1,2025-12-11 10:45:00,20251211,104500,2025-12-11 10:45:00,10,2025-12-11,41.423005019444417,165.692020077777670,165.692020077777812,15.000000000000000,900.000000000000000,100.000000000000000,1,900.000000000000000,100.000000000000000
mi_a,L2,2025-12-11 10:45:00,20251211,104500,2025-12-11 10:45:00,10,2025-12-11,40.408952316666671,161.635809266666683,161.635809266666627,15.000000000000000,900.000000000000000,100.000000000000000,1,900.000000000000000,100.000000000000000
mi_a,L3,2025-12-11 10:45:00,20251211,104500,2025-12-11 10:45:00,10,2025-12-11,37.820859416666657,151.283437666666629,151.283437666666686,15.000000000000000,900.000000000000000,100.000000000000000,1,900.000000000000000,100.000000000000000
mi_a,ALL,2025-12-11 10:45:00,20251211,104500,2025-12-11 10:45:00,10,2025-12-11,119.652816752777738,478.611267011110954,159.537089003703727,15.000000000000000,900.000000000000000,100.000000000000000,1,900.000000000000000,100.000000000000000
mi_a,L1,2025-12-11 11:00:00,20251211,110000,2025-12-11 11:00:00,11,2025-12-11,49.810735419444462,199.242941677777850,199.242941677777850,15.000000000000000,900.000000000000000,100.000000000000000,1,900.000000000000000,100.000000000000000
mi_a,L2,2025-12-11 11:00:00,20251211,110000,2025-12-11 11:00:00,11,2025-12-11,48.844799502777789,195.379198011111157,195.379198011111072,15.000000000000000,900.000000000000000,100.000000000000000,1,900.000000000000000,100.000000000000000
mi_a,L3,2025-12-11 11:00:00,20251211,110000,2025-12-11 11:00:00,11,2025-12-11,45.689154847222248,182.756619388888993,182.756619388888907,15.000000000000000,900.000000000000000,100.000000000000000,1,900.000000000000000,100.000000000000000
mi_a,ALL,2025-12-11 11:00:00,20251211,110000,2025-12-11 11:00:00,11,2025-12-11,144.344689769444500,577.378759077778000,192.459586359259276,15.000000000000000,900.000000000000000,100.000000000000000,1,900.000000000000000,100.000000000000000
mi_a,L1,2025-12-11 11:15:00,20251211,111500,2025-12-11 11:15:00,11,2025-12-11,43.968087741666700,175.872350966666801,175.872350966666687,15.000000000000000,900.000000000000000,100.000000000000000,1,900.000000000000000,100.000000000000000
mi_a,L2,2025-12-11 11:15:00,20251211,111500,2025-12-11 11:15:00,11,2025-12-11,43.633411483333354,174.533645933333418,174.533645933333389,15.000000000000000,900.000000000000000,100.000000000000000,1,900.000000000000000,100.000000000000000
mi_a,L3,2025-12-11 11:15:00,20251211,111500,2025-12-11 11:15:00,11,2025-12-11,40.199129222222190,160.796516888888760,160.796516888888931,15.000000000000000,900.000000000000000,100.000000000000000,1,900.000000000000000,100.000000000000000
mi_a,ALL,2025-12-11 11:15:00,20251211,111500,2025-12-11 11:15:00,11,2025-12-11,127.800628447222238,511.202513788888950,170.400837929629660,15.000000000000000,900.000000000000000,100.000000000000000,1,900.000000000000000,100.000000000000000
mi_a,L1,2025-12-11 11:30:00,20251211,113000,2025-12-11 11:30:00,11,2025-12-11,45.282644363888870,181.130577455555482,181.130577455555539,15.000000000000000,900.000000000000000,100.000000000000000,1,900.000000000000000,100.000000000000000
mi_a,L2,2025-12-11 11:30:00,20251211,113000,2025-12-11 11:30:00,11,2025-12-11,44.465844647222248,177.863378588888992,177.863378588888907,15.000000000000000,900.000000000000000,100.000000000000000,1,900.000000000000000,100.000000000000000
mi_a,L3,2025-12-11 11:30:00,20251211,113000,2025-12-11 11:30:00,11,2025-12-11,40.795809491666674,163.183237966666695,163.183237966666667,15.000000000000000,900.000000000000000,100.000000000000000,1,900.000000000000000,100.000000000000000
mi_a,ALL,2025-12-11 11:30:00,20251211,113000,2025-12-11 11:30:00,11,2025-12-11,130.544298502777792,522.177194011111169,174.059064670370390,15.000000000000000,900.000000000000000,100.000000000000000,1,900.000000000000000,100.000000000000000
mi_a,L1,2025-12-11 11:45:00,20251211,114500,2025-12-11 11:45:00,11,2025-12-11,47.125983544444395,188.503934177777580,188.503934177777666,15.000000000000000,900.000000000000000,100.000000000000000,1,900.000000000000000,100.000000000000000
mi_a,L2,2025-12-11 11:45:00,20251211,114500,2025-12-11 11:45:00,11,2025-12-11,46.279676586111073,185.118706344444291,185.118706344444490,15.000000000000000,900.000000000000000,100.000000000000000,1,900.000000000000000,100.000000000000000
mi_a,L3,2025-12-11 11:45:00,20251211,114500,2025-12-11 11:45:00,11,2025-12-11,43.283524255555555,173.134097022222221,173.134097022222136,15.000000000000000,900.000000000000000,100.000000000000000,1,900.000000000000000,100.000000000000000
mi_a,ALL,2025-12-11 11:45:00,20251211,114500,2025-12-11 11:45:00,11,2025-12-11,136.689184386111009,546.756737544444036,182.252245848148078,15.000000000000000,900.000000000000000,100.000000000000000,1,900.000000000000000,100.000000000000000
mi_a,L1,2025-12-11 12:00:00,20251211,120000,2025-12-11 12:00:00,12,2025-12-11,43.373271375000016,173.493085500000063,173.493085500000035,15.000000000000000,900.000000000000000,100.000000000000000,1,900.000000000000000,100.000000000000000
mi_a,L2,2025-12-11 12:00:00,20251211,120000,2025-12-11 12:00:00,12,2025-12-11,41.830765394444455,167.323061577777821,167.323061577777679,15.000000000000000,900.000000000000000,100.000000000000000,1,900.000000000000000,100.000000000000000
mi_a,L3,2025-12-11 12:00:00,20251211,120000,2025-12-11 12:00:00,12,2025-12-11,38.751961500000007,155.007846000000029,155.007845999999972,15.000000000000000,900.000000000000000,100.000000000000000,1,900.000000000000000,100.000000000000000
mi_a,ALL,2025-12-11 12:00:00,20251211,120000,2025-12-11 12:00:00,12,2025-12-11,123.955998269444478,495.823993077777914,165.274664359259219,15.000000000000000,900.000000000000000,100.000000000000000,1,900.000000000000000,100.000000000000000
mi_a,L1,2025-12-11 12:15:00,20251211,121500,2025-12-11 12:15:00,12,2025-12-11,47.760709766666679,191.042839066666716,191.042839066666829,15.000000000000000,900.000000000000000,100.000000000000000,1,900.000000000000000,100.000000000000000
mi_a,L2,2025-12-11 12:15:00,20251211,121500,2025-12-11 12:15:00,12,2025-12-11,46.892197399999979,187.568789599999917,187.568789599999945,15.000000000000000,900.000000000000000,100.000000000000000,1,900.000000000000000,100.000000000000000
mi_a,L3,2025-12-11 12:15:00,20251211,121500,2025-12-11 12:15:00,12,2025-12-11,43.315985533333325,173.263942133333302,173.263942133333217,15.000000000000000,900.000000000000000,100.000000000000000,1,900.000000000000000,100.000000000000000
mi_a,ALL,2025-12-11 12:15:00,20251211,121500,2025-12-11 12:15:00,12,2025-12-11,137.968892699999969,551.875570799999878,183.958523599999978,15.000000000000000,900.000000000000000,100.000000000000000,1,900.000000000000000,100.000000000000000
mi_a,L1,2025-12-11 12:30:00,20251211,123000,2025-12-11 12:30:00,12,2025-12-11,45.689110583333346,182.756442333333382,182.756442333333439,15.000000000000000,900.000000000000000,100.000000000000000,1,900.000000000000000,100.000000000000000
mi_a,L2,2025-12-11 12:30:00,20251211,123000,2025-12-11 12:30:00,12,2025-12-11,45.038992116666684,180.155968466666735,180.155968466666650,15.000000000000000,900.000000000000000,100.000000000000000,1,900.000000000000000,100.000000000000000
mi_a,L3,2025-12-11 12:30:00,20251211,123000,2025-12-11 12:30:00,12,2025-12-11,41.562894111111120,166.251576444444481,166.251576444444339,15.000000000000000,900.000000000000000,100.000000000000000,1,900.000000000000000,100.000000000000000
mi_a,ALL,2025-12-11 12:30:00,20251211,123000,2025-12-11 12:30:00,12,2025-12-11,132.290996811111143,529.163987244444570,176.387995748148143,15.000000000000000,900.000000000000000,100.000000000000000,1,900.000000000000000,100.000000000000000
mi_a,L1,2025-12-11 12:45:00,20251211,124500,2025-12-11 12:45:00,12,2025-12-11,43.943683624999984,175.774734499999937,175.774734500000136,15.000000000000000,900.000000000000000,100.000000000000000,1,900.000000000000000,100.000000000000000
mi_a,L2,2025-12-11 12:45:00,20251211,124500,2025-12-11 12:45:00,12,2025-12-11,42.957773602777785,171.831094411111138,171.831094411111081,15.000000000000000,900.000000000000000,100.000000000000000,1,900.000000000000000,100.000000000000000
mi_a,L3,2025-12-11 12:45:00,20251211,124500,2025-12-11 12:45:00,12,2025-12-11,39.976846005555586,159.907384022222345,159.907384022222146,15.000000000000000,900.000000000000000,100.000000000000000,1,900.000000000000000,100.000000000000000
mi_a,ALL,2025-12-11 12:45:00,20251211,124500,2025-12-11 12:45:00,12,2025-12-11,126.878303233333355,507.513212933333421,169.171070977777788,15.000000000000000,900.000000000000000,100.000000000000000,1,900.000000000000000,100.000000000000000
mi_a,L1,2025-12-11 13:00:00,20251211,130000,2025-12-11 13:00:00,13,2025-12-11,45.442310838888915,181.769243355555659,181.769243355555517,15.000000000000000,900.000000000000000,100.000000000000000,1,900.000000000000000,100.000000000000000
mi_a,L2,2025-12-11 13:00:00,20251211,130000,2025-12-11 13:00:00,13,2025-12-11,45.196645833333278,180.786583333333112,180.786583333333454,15.000000000000000,900.000000000000000,100.000000000000000,1,900.000000000000000,100.000000000000000
mi_a,L3,2025-12-11 13:00:00,20251211,130000,2025-12-11 13:00:00,13,2025-12-11,42.582891313888886,170.331565255555546,170.331565255555660,15.000000000000000,900.000000000000000,100.000000000000000,1,900.000000000000000,100.000000000000000
mi_a,ALL,2025-12-11 13:00:00,20251211,130000,2025-12-11 13:00:00,13,2025-12-11,133.221847986111072,532.887391944444289,177.629130648148191,15.000000000000000,900.000000000000000,100.000000000000000,1,900.000000000000000,100.000000000000000
mi_a,L1,2025-12-11 13:15:00,20251211,131500,2025-12-11 13:15:00,13,2025-12-11,41.381800391666708,165.527201566666832,165.527201566666776,15.000000000000000,900.000000000000000,100.000000000000000,1,900.000000000000000,100.000000000000000
mi_a,L2,2025-12-11 13:15:00,20251211,131500,2025-12-11 13:15:00,13,2025-12-11,41.158026988888892,164.632107955555568,164.632107955555625,15.000000000000000,900.000000000000000,100.000000000000000,1,900.000000000000000,100.000000000000000
mi_a,L3,2025-12-11 13:15:00,20251211,131500,2025-12-11 13:15:00,13,2025-12-11,38.366938572222267,153.467754288889068,153.467754288888926,15.000000000000000,900.000000000000000,100.000000000000000,1,900.000000000000000,100.000000000000000
mi_a,ALL,2025-12-11 13:15:00,20251211,131500,2025-12-11 13:15:00,13,2025-12-11,120.906765952777874,483.627063811111498,161.209021270370442,15.000000000000000,900.000000000000000,100.000000000000000,1,900.000000000000000,100.000000000000000
mi_a,L1,2025-12-11 13:30:00,20251211,133000,2025-12-11 13:30:00,13,2025-12-11,40.592675513888892,162.370702055555569,162.370702055555483,15.000000000000000,900.000000000000000,100.000000000000000,1,900.000000000000000,100.000000000000000
mi_a,L2,2025-12-11 13:30:00,20251211,133000,2025-12-11 13:30:00,13,2025-12-11,39.571932258333334,158.287729033333335,158.287729033333449,15.000000000000000,900.000000000000000,100.000000000000000,1,900.000000000000000,100.000000000000000
mi_a,L3,2025-12-11 13:30:00,20251211,133000,2025-12-11 13:30:00,13,2025-12-11,37.269772155555529,149.079088622222116,149.079088622222201,15.000000000000000,900.000000000000000,100.000000000000000,1,900.000000000000000,100.000000000000000
mi_a,ALL,2025-12-11 13:30:00,20251211,133000,2025-12-11 13:30:00,13,2025-12-11,117.434379927777755,469.737519711111020,156.579173237037054,15.000000000000000,900.000000000000000,100.000000000000000,1,900.000000000000000,100.000000000000000
mi_a,L1,2025-12-11 13:45:00,20251211,134500,2025-12-11 13:45:00,13,2025-12-11,39.766186624999982,159.064746499999927,159.064746499999899,15.000000000000000,900.000000000000000,100.000000000000000,1,900.000000000000000,100.000000000000000
mi_a,L2,2025-12-11 13:45:00,20251211,134500,2025-12-11 13:45:00,13,2025-12-11,38.368175177777772,153.472700711111088,153.472700711111059,15.000000000000000,900.000000000000000,100.000000000000000,1,900.000000000000000,100.000000000000000
mi_a,L3,2025-12-11 13:45:00,20251211,134500,2025-12-11 13:45:00,13,2025-12-11,36.583190513888873,146.332762055555492,146.332762055555605,15.000000000000000,900.000000000000000,100.000000000000000,1,900.000000000000000,100.000000000000000
mi_a,ALL,2025-12-11 13:45:00,20251211,134500,2025-12-11 13:45:00,13,2025-12-11,114.717552316666627,458.870209266666507,152.956736422222178,15.000000000000000,900.000000000000000,100.000000000000000,1,900.000000000000000,100.000000000000000
mi_a,L1,2025-12-11 14:00:00,20251211,140000,2025-12-11 14:00:00,14,2025-12-11,38.172635711111134,152.690542844444536,152.690542844444479,15.000000000000000,900.000000000000000,100.000000000000000,1,900.000000000000000,100.000000000000000
mi_a,L2,2025-12-11 14:00:00,20251211,140000,2025-12-11 14:00:00,14,2025-12-11,36.605519069444426,146.422076277777705,146.422076277777734,15.000000000000000,900.000000000000000,100.000000000000000,1,900.000000000000000,100.000000000000000
mi_a,L3,2025-12-11 14:00:00,20251211,140000,2025-12-11 14:00:00,14,2025-12-11,33.772928955555543,135.091715822222170,135.091715822222284,15.000000000000000,900.000000000000000,100.000000000000000,1,900.000000000000000,100.000000000000000
mi_a,ALL,2025-12-11 14:00:00,20251211,140000,2025-12-11 14:00:00,14,2025-12-11,108.551083736111110,434.204334944444440,144.734778314814832,15.000000000000000,900.000000000000000,100.000000000000000,1,900.000000000000000,100.000000000000000
mi_a,L1,2025-12-11 14:15:00,20251211,141500,2025-12-11 14:15:00,14,2025-12-11,41.491479655555565,165.965918622222262,165.965918622222148,15.000000000000000,900.000000000000000,100.000000000000000,1,900.000000000000000,100.000000000000000
mi_a,L2,2025-12-11 14:15:00,20251211,141500,2025-12-11 14:15:00,14,2025-12-11,40.416047463888880,161.664189855555520,161.664189855555492,15.000000000000000,900.000000000000000,100.000000000000000,1,900.000000000000000,100.000000000000000
mi_a,L3,2025-12-11 14:15:00,20251211,141500,2025-12-11 14:15:00,14,2025-12-11,37.782061955555548,151.128247822222193,151.128247822222221,15.000000000000000,900.000000000000000,100.000000000000000,1,900.000000000000000,100.000000000000000
mi_a,ALL,2025-12-11 14:15:00,20251211,141500,2025-12-11 14:15:00,14,2025-12-11,119.689589074999986,478.758356299999946,159.586118766666630,15.000000000000000,900.000000000000000,100.000000000000000,1,900.000000000000000,100.000000000000000
mi_a,L1,2025-12-11 14:30:00,20251211,143000,2025-12-11 14:30:00,14,2025-12-11,36.590418124999999,146.361672499999997,146.361672500000083,15.000000000000000,900.000000000000000,100.000000000000000,1,900.000000000000000,100.000000000000000
mi_a,L2,2025-12-11 14:30:00,20251211,143000,2025-12-11 14:30:00,14,2025-12-11,35.807567486111139,143.230269944444558,143.230269944444501,15.000000000000000,900.000000000000000,100.000000000000000,1,900.000000000000000,100.000000000000000
mi_a,L3,2025-12-11 14:30:00,20251211,143000,2025-12-11 14:30:00,14,2025-12-11,33.101148447222215,132.404593788888860,132.404593788888974,15.000000000000000,900.000000000000000,100.000000000000000,1,900.000000000000000,100.000000000000000
mi_a,ALL,2025-12-11 14:30:00,20251211,143000,2025-12-11 14:30:00,14,2025-12-11,105.499134058333354,421.996536233333416,140.665512077777862,15.000000000000000,900.000000000000000,100.000000000000000,1,900.000000000000000,100.000000000000000
mi_a,L1,2025-12-11 14:45:00,20251211,144500,2025-12-11 14:45:00,14,2025-12-11,35.314943138888907,141.259772555555628,141.259772555555600,15.000000000000000,900.000000000000000,100.000000000000000,1,900.000000000000000,100.000000000000000
mi_a,L2,2025-12-11 14:45:00,20251211,144500,2025-12-11 14:45:00,14,2025-12-11,34.342156669444442,137.368626677777769,137.368626677777797,15.000000000000000,900.000000000000000,100.000000000000000,1,900.000000000000000,100.000000000000000
mi_a,L3,2025-12-11 14:45:00,20251211,144500,2025-12-11 14:45:00,14,2025-12-11,31.498996172222217,125.995984688888868,125.995984688888825,15.000000000000000,900.000000000000000,100.000000000000000,1,900.000000000000000,100.000000000000000
mi_a,ALL,2025-12-11 14:45:00,20251211,144500,2025-12-11 14:45:00,14,2025-12-11,101.156095980555563,404.624383922222250,134.874794640740760,15.000000000000000,900.000000000000000,100.000000000000000,1,900.000000000000000,100.000000000000000
mi_a,L1,2025-12-11 15:00:00,20251211,150000,2025-12-11 15:00:00,15,2025-12-11,37.520505827777754,150.082023311111016,150.082023311111101,15.000000000000000,900.000000000000000,100.000000000000000,1,900.000000000000000,100.000000000000000
mi_a,L2,2025-12-11 15:00:00,20251211,150000,2025-12-11 15:00:00,15,2025-12-11,36.435731786111120,145.742927144444479,145.742927144444479,15.000000000000000,900.000000000000000,100.000000000000000,1,900.000000000000000,100.000000000000000
mi_a,L3,2025-12-11 15:00:00,20251211,150000,2025-12-11 15:00:00,15,2025-12-11,33.458981011111121,133.835924044444482,133.835924044444340,15.000000000000000,900.000000000000000,100.000000000000000,1,900.000000000000000,100.000000000000000
mi_a,ALL,2025-12-11 15:00:00,20251211,150000,2025-12-11 15:00:00,15,2025-12-11,107.415218624999994,429.660874499999977,143.220291499999973,15.000000000000000,900.000000000000000,100.000000000000000,1,900.000000000000000,100.000000000000000
mi_a,L1,2025-12-11 15:15:00,20251211,151500,2025-12-11 15:15:00,15,2025-12-11,36.469795133333314,145.879180533333255,145.879180533333340,15.000000000000000,900.000000000000000,100.000000000000000,1,900.000000000000000,100.000000000000000
mi_a,L2,2025-12-11 15:15:00,20251211,151500,2025-12-11 15:15:00,15,2025-12-11,35.235676241666695,140.942704966666781,140.942704966666724,15.000000000000000,900.000000000000000,100.000000000000000,1,900.000000000000000,100.000000000000000
mi_a,L3,2025-12-11 15:15:00,20251211,151500,2025-12-11 15:15:00,15,2025-12-11,32.671237377777800,130.684949511111199,130.684949511111142,15.000000000000000,900.000000000000000,100.000000000000000,1,900.000000000000000,100.000000000000000
mi_a,ALL,2025-12-11 15:15:00,20251211,151500,2025-12-11 15:15:00,15,2025-12-11,104.376708752777802,417.506835011111207,139.168945003703755,15.000000000000000,900.000000000000000,100.000000000000000,1,900.000000000000000,100.000000000000000
mi_a,L1,2025-12-11 15:30:00,20251211,153000,2025-12-11 15:30:00,15,2025-12-11,34.451330277777757,137.805321111111027,137.805321111110942,15.000000000000000,900.000000000000000,100.000000000000000,1,900.000000000000000,100.000000000000000
mi_a,L2,2025-12-11 15:30:00,20251211,153000,2025-12-11 15:30:00,15,2025-12-11,32.778460144444445,131.113840577777779,131.113840577777751,15.000000000000000,900.000000000000000,100.000000000000000,1,900.000000000000000,100.000000000000000
mi_a,L3,2025-12-11 15:30:00,20251211,153000,2025-12-11 15:30:00,15,2025-12-11,30.514778663888873,122.059114655555490,122.059114655555618,15.000000000000000,900.000000000000000,100.000000000000000,1,900.000000000000000,100.000000000000000
mi_a,ALL,2025-12-11 15:30:00,20251211,153000,2025-12-11 15:30:00,15,2025-12-11,97.744569086111085,390.978276344444339,130.326092114814770,15.000000000000000,900.000000000000000,100.000000000000000,1,900.000000000000000,100.000000000000000
mi_a,L1,2025-12-11 15:45:00,20251211,154500,2025-12-11 15:45:00,15,2025-12-11,34.160562899999981,136.642251599999923,136.642251600000066,15.000000000000000,900.000000000000000,100.000000000000000,1,900.000000000000000,100.000000000000000
mi_a,L2,2025-12-11 15:45:00,20251211,154500,2025-12-11 15:45:00,15,2025-12-11,32.534751930555579,130.139007722222317,130.139007722222317,15.000000000000000,900.000000000000000,100.000000000000000,1,900.000000000000000,100.000000000000000
mi_a,L3,2025-12-11 15:45:00,20251211,154500,2025-12-11 15:45:00,15,2025-12-11,29.575336847222228,118.301347388888914,118.301347388888956,15.000000000000000,900.000000000000000,100.000000000000000,1,900.000000000000000,100.000000000000000
mi_a,ALL,2025-12-11 15:45:00,20251211,154500,2025-12-11 15:45:00,15,2025-12-11,96.270651677777792,385.082606711111168,128.360868903703789,15.000000000000000,900.000000000000000,100.000000000000000,1,900.000000000000000,100.000000000000000
mi_a,L1,2025-12-11 16:00:00,20251211,160000,2025-12-11 16:00:00,16,2025-12-11,35.323510444444409,141.294041777777636,141.294041777777721,15.000000000000000,900.000000000000000,100.000000000000000,1,900.000000000000000,100.000000000000000
mi_a,L2,2025-12-11 16:00:00,20251211,160000,2025-12-11 16:00:00,16,2025-12-11,34.170138758333309,136.680555033333235,136.680555033333292,15.000000000000000,900.000000000000000,100.000000000000000,1,900.000000000000000,100.000000000000000
mi_a,L3,2025-12-11 16:00:00,20251211,160000,2025-12-11 16:00:00,16,2025-12-11,30.597775863888867,122.391103455555466,122.391103455555566,15.000000000000000,900.000000000000000,100.000000000000000,1,900.000000000000000,100.000000000000000
mi_a,ALL,2025-12-11 16:00:00,20251211,160000,2025-12-11 16:00:00,16,2025-12-11,100.091425066666588,400.365700266666352,133.455233422222193,15.000000000000000,900.000000000000000,100.000000000000000,1,900.000000000000000,100.000000000000000
mi_a,L1,2025-12-11 16:15:00,20251211,161500,2025-12-11 16:15:00,16,2025-12-11,32.068857136111127,128.275428544444509,128.275428544444395,15.000000000000000,900.000000000000000,100.000000000000000,1,900.000000000000000,100.000000000000000
mi_a,L2,2025-12-11 16:15:00,20251211,161500,2025-12-11 16:15:00,16,2025-12-11,31.479879363888877,125.919517455555507,125.919517455555578,15.000000000000000,900.000000000000000,100.000000000000000,1,900.000000000000000,100.000000000000000
mi_a,L3,2025-12-11 16:15:00,20251211,161500,2025-12-11 16:15:00,16,2025-12-11,28.632923280555559,114.531693122222237,114.531693122222322,15.000000000000000,900.000000000000000,100.000000000000000,1,900.000000000000000,100.000000000000000
mi_a,ALL,2025-12-11 16:15:00,20251211,161500,2025-12-11 16:15:00,16,2025-12-11,92.181659780555563,368.726639122222252,122.908879707407436,15.000000000000000,900.000000000000000,100.000000000000000,1,900.000000000000000,100.000000000000000
mi_a,L1,2025-12-11 16:30:00,20251211,163000,2025-12-11 16:30:00,16,2025-12-11,30.862626813888919,123.450507255555678,123.450507255555507,15.000000000000000,900.000000000000000,100.000000000000000,1,900.000000000000000,100.000000000000000
mi_a,L2,2025-12-11 16:30:00,20251211,163000,2025-12-11 16:30:00,16,2025-12-11,30.707730927777806,122.830923711111225,122.830923711111041,15.000000000000000,900.000000000000000,100.000000000000000,1,900.000000000000000,100.000000000000000
mi_a,L3,2025-12-11 16:30:00,20251211,163000,2025-12-11 16:30:00,16,2025-12-11,27.674666594444439,110.698666377777755,110.698666377777727,15.000000000000000,900.000000000000000,100.000000000000000,1,900.000000000000000,100.000000000000000
mi_a,ALL,2025-12-11 16:30:00,20251211,163000,2025-12-11 16:30:00,16,2025-12-11,89.245024336111157,356.980097344444630,118.993365781481415,15.000000000000000,900.000000000000000,100.000000000000000,1,900.000000000000000,100.000000000000000
mi_a,L1,2025-12-11 16:45:00,20251211,164500,2025-12-11 16:45:00,16,2025-12-11,30.260869244444443,121.043476977777772,121.043476977777814,15.000000000000000,900.000000000000000,100.000000000000000,1,900.000000000000000,100.000000000000000
mi_a,L2,2025-12-11 16:45:00,20251211,164500,2025-12-11 16:45:00,16,2025-12-11,29.888298697222211,119.553194788888845,119.553194788888959,15.000000000000000,900.000000000000000,100.000000000000000,1,900.000000000000000,100.000000000000000
mi_a,L3,2025-12-11 16:45:00,20251211,164500,2025-12-11 16:45:00,16,2025-12-11,26.712096452777779,106.848385811111115,106.848385811111086,15.000000000000000,900.000000000000000,100.000000000000000,1,900.000000000000000,100.000000000000000
mi_a,ALL,2025-12-11 16:45:00,20251211,164500,2025-12-11 16:45:00,16,2025-12-11,86.861264394444433,347.445057577777732,115.815019192592615,15.000000000000000,900.000000000000000,100.000000000000000,1,900.000000000000000,100.000000000000000
mi_a,L1,2025-12-11 17:00:00,20251211,170000,2025-12-11 17:00:00,17,2025-12-11,30.146564830555526,120.586259322222105,120.586259322222276,15.000000000000000,900.000000000000000,100.000000000000000,1,900.000000000000000,100.000000000000000
mi_a,L2,2025-12-11 17:00:00,20251211,170000,2025-12-11 17:00:00,17,2025-12-11,29.706096474999995,118.824385899999982,118.824385900000095,15.000000000000000,900.000000000000000,100.000000000000000,1,900.000000000000000,100.000000000000000
mi_a,L3,2025-12-11 17:00:00,20251211,170000,2025-12-11 17:00:00,17,2025-12-11,26.357526041666674,105.430104166666695,105.430104166666737,15.000000000000000,900.000000000000000,100.000000000000000,1,900.000000000000000,100.000000000000000
mi_a,ALL,2025-12-11 17:00:00,20251211,170000,2025-12-11 17:00:00,17,2025-12-11,86.210187347222188,344.840749388888753,114.946916462963031,15.000000000000000,900.000000000000000,100.000000000000000,1,900.000000000000000,100.000000000000000
mi_a,L1,2025-12-11 17:15:00,20251211,171500,2025-12-11 17:15:00,17,2025-12-11,28.120668149999986,112.482672599999944,112.482672600000072,15.000000000000000,900.000000000000000,100.000000000000000,1,900.000000000000000,100.000000000000000
mi_a,L2,2025-12-11 17:15:00,20251211,171500,2025-12-11 17:15:00,17,2025-12-11,28.378848922222215,113.515395688888859,113.515395688888916,15.000000000000000,900.000000000000000,100.000000000000000,1,900.000000000000000,100.000000000000000
mi_a,L3,2025-12-11 17:15:00,20251211,171500,2025-12-11 17:15:00,17,2025-12-11,24.919476388888874,99.677905555555498,99.677905555555554,15.000000000000000,900.000000000000000,100.000000000000000,1,900.000000000000000,100.000000000000000
mi_a,ALL,2025-12-11 17:15:00,20251211,171500,2025-12-11 17:15:00,17,2025-12-11,81.418993461111071,325.675973844444286,108.558657948148195,15.000000000000000,900.000000000000000,100.000000000000000,1,900.000000000000000,100.000000000000000
mi_a,L1,2025-12-11 17:30:00,20251211,173000,2025-12-11 17:30:00,17,2025-12-11,28.705854783333322,114.823419133333289,114.823419133333374,15.000000000000000,900.000000000000000,100.000000000000000,1,900.000000000000000,100.000000000000000
mi_a,L2,2025-12-11 17:30:00,20251211,173000,2025-12-11 17:30:00,17,2025-12-11,29.036953772222216,116.147815088888862,116.147815088888791,15.000000000000000,900.000000000000000,100.000000000000000,1,900.000000000000000,100.000000000000000
mi_a,L3,2025-12-11 17:30:00,20251211,173000,2025-12-11 17:30:00,17,2025-12-11,25.201030049999993,100.804120199999971,100.804120200000028,15.000000000000000,900.000000000000000,100.000000000000000,1,900.000000000000000,100.000000000000000
mi_a,ALL,2025-12-11 17:30:00,20251211,173000,2025-12-11 17:30:00,17,2025-12-11,82.943838605555527,331.775354422222108,110.591784807407407,15.000000000000000,900.000000000000000,100.000000000000000,1,900.000000000000000,100.000000000000000
mi_a,L1,2025-12-11 17:45:00,20251211,174500,2025-12-11 17:45:00,17,2025-12-11,29.342008324999998,117.368033299999993,117.368033300000036,15.000000000000000,900.000000000000000,100.000000000000000,1,900.000000000000000,100.000000000000000
mi_a,L2,2025-12-11 17:45:00,20251211,174500,2025-12-11 17:45:00,17,2025-12-11,29.607184394444442,118.428737577777767,118.428737577777852,15.000000000000000,900.000000000000000,100.000000000000000,1,900.000000000000000,100.000000000000000
mi_a,L3,2025-12-11 17:45:00,20251211,174500,2025-12-11 17:45:00,17,2025-12-11,25.819258347222217,103.277033388888867,103.277033388888910,15.000000000000000,900.000000000000000,100.000000000000000,1,900.000000000000000,100.000000000000000
mi_a,ALL,2025-12-11 17:45:00,20251211,174500,2025-12-11 17:45:00,17,2025-12-11,84.768451066666657,339.073804266666627,113.024601422222261,15.000000000000000,900.000000000000000,100.000000000000000,1,900.000000000000000,100.000000000000000
mi_a,L1,2025-12-11 18:00:00,20251211,180000,2025-12-11 18:00:00,18,2025-12-11,27.171417213888905,108.685668855555619,108.685668855555534,15.000000000000000,900.000000000000000,100.000000000000000,1,900.000000000000000,100.000000000000000
mi_a,L2,2025-12-11 18:00:00,20251211,180000,2025-12-11 18:00:00,18,2025-12-11,27.343040894444435,109.372163577777741,109.372163577777798,15.000000000000000,900.000000000000000,100.000000000000000,1,900.000000000000000,100.000000000000000
mi_a,L3,2025-12-11 18:00:00,20251211,180000,2025-12-11 18:00:00,18,2025-12-11,23.730059386111108,94.920237544444433,94.920237544444376,15.000000000000000,900.000000000000000,100.000000000000000,1,900.000000000000000,100.000000000000000
mi_a,ALL,2025-12-11 18:00:00,20251211,180000,2025-12-11 18:00:00,18,2025-12-11,78.244517494444437,312.978069977777750,104.326023325925902,15.000000000000000,900.000000000000000,100.000000000000000,1,900.000000000000000,100.000000000000000
mi_a,L1,2025-12-11 18:15:00,20251211,181500,2025-12-11 18:15:00,18,2025-12-11,27.694754091666681,110.779016366666724,110.779016366666639,15.000000000000000,900.000000000000000,100.000000000000000,1,900.000000000000000,100.000000000000000
mi_a,L2,2025-12-11 18:15:00,20251211,181500,2025-12-11 18:15:00,18,2025-12-11,28.820889341666668,115.283557366666670,115.283557366666628,15.000000000000000,900.000000000000000,100.000000000000000,1,900.000000000000000,100.000000000000000
mi_a,L3,2025-12-11 18:15:00,20251211,181500,2025-12-11 18:15:00,18,2025-12-11,24.550734277777803,98.202937111111211,98.202937111111140,15.000000000000000,900.000000000000000,100.000000000000000,1,900.000000000000000,100.000000000000000
mi_a,ALL,2025-12-11 18:15:00,20251211,181500,2025-12-11 18:15:00,18,2025-12-11,81.066377711111159,324.265510844444634,108.088503614814812,15.000000000000000,900.000000000000000,100.000000000000000,1,900.000000000000000,100.000000000000000
mi_a,L1,2025-12-11 18:30:00,20251211,183000,2025-12-11 18:30:00,18,2025-12-11,30.919047599999992,123.676190399999967,123.676190400000095,15.000000000000000,900.000000000000000,100.000000000000000,1,900.000000000000000,100.000000000000000
mi_a,L2,2025-12-11 18:30:00,20251211,183000,2025-12-11 18:30:00,18,2025-12-11,32.120105133333325,128.480420533333302,128.480420533333387,15.000000000000000,900.000000000000000,100.000000000000000,1,900.000000000000000,100.000000000000000
mi_a,L3,2025-12-11 18:30:00,20251211,183000,2025-12-11 18:30:00,18,2025-12-11,27.733707294444454,110.934829177777814,110.934829177777715,15.000000000000000,900.000000000000000,100.000000000000000,1,900.000000000000000,100.000000000000000
mi_a,ALL,2025-12-11 18:30:00,20251211,183000,2025-12-11 18:30:00,18,2025-12-11,90.772860027777767,363.091440111111069,121.030480037037051,15.000000000000000,900.000000000000000,100.000000000000000,1,900.000000000000000,100.000000000000000
mi_a,L1,2025-12-11 18:45:00,20251211,184500,2025-12-11 18:45:00,18,2025-12-11,30.775803480555545,123.103213922222182,123.103213922222267,15.000000000000000,900.000000000000000,100.000000000000000,1,900.000000000000000,100.000000000000000
mi_a,L2,2025-12-11 18:45:00,20251211,184500,2025-12-11 18:45:00,18,2025-12-11,31.120114274999992,124.480457099999967,124.480457099999910,15.000000000000000,900.000000000000000,100.000000000000000,1,900.000000000000000,100.000000000000000
mi_a,L3,2025-12-11 18:45:00,20251211,184500,2025-12-11 18:45:00,18,2025-12-11,27.254440288888912,109.017761155555647,109.017761155555519,15.000000000000000,900.000000000000000,100.000000000000000,1,900.000000000000000,100.000000000000000
mi_a,ALL,2025-12-11 18:45:00,20251211,184500,2025-12-11 18:45:00,18,2025-12-11,89.150358044444445,356.601432177777781,118.867144059259232,15.000000000000000,900.000000000000000,100.000000000000000,1,900.000000000000000,100.000000000000000
mi_a,L1,2025-12-11 19:00:00,20251211,190000,2025-12-11 19:00:00,19,2025-12-11,29.934592877777774,119.738371511111097,119.738371511111040,15.000000000000000,900.000000000000000,100.000000000000000,1,900.000000000000000,100.000000000000000
mi_a,L2,2025-12-11 19:00:00,20251211,190000,2025-12-11 19:00:00,19,2025-12-11,30.313494411111105,121.253977644444419,121.253977644444390,15.000000000000000,900.000000000000000,100.000000000000000,1,900.000000000000000,100.000000000000000
mi_a,L3,2025-12-11 19:00:00,20251211,190000,2025-12-11 19:00:00,19,2025-12-11,26.848023100000002,107.392092400000010,107.392092399999967,15.000000000000000,900.000000000000000,100.000000000000000,1,900.000000000000000,100.000000000000000
mi_a,ALL,2025-12-11 19:00:00,20251211,190000,2025-12-11 19:00:00,19,2025-12-11,87.096110388888889,348.384441555555554,116.128147185185142,15.000000000000000,900.000000000000000,100.000000000000000,1,900.000000000000000,100.000000000000000
mi_a,L1,2025-12-11 19:15:00,20251211,191500,2025-12-11 19:15:00,19,2025-12-11,28.782045300000004,115.128181200000014,115.128181200000043,15.000000000000000,900.000000000000000,100.000000000000000,1,900.000000000000000,100.000000000000000
mi_a,L2,2025-12-11 19:15:00,20251211,191500,2025-12-11 19:15:00,19,2025-12-11,29.211265997222249,116.845063988888995,116.845063988888967,15.000000000000000,900.000000000000000,100.000000000000000,1,900.000000000000000,100.000000000000000
mi_a,L3,2025-12-11 19:15:00,20251211,191500,2025-12-11 19:15:00,19,2025-12-11,25.206704944444443,100.826819777777771,100.826819777777771,15.000000000000000,900.000000000000000,100.000000000000000,1,900.000000000000000,100.000000000000000
mi_a,ALL,2025-12-11 19:15:00,20251211,191500,2025-12-11 19:15:00,19,2025-12-11,83.200016241666702,332.800064966666810,110.933354988888922,15.000000000000000,900.000000000000000,100.000000000000000,1,900.000000000000000,100.000000000000000
mi_a,L1,2025-12-11 19:30:00,20251211,193000,2025-12-11 19:30:00,19,2025-12-11,28.955719922222215,115.822879688888861,115.822879688888804,15.000000000000000,900.000000000000000,100.000000000000000,1,900.000000000000000,100.000000000000000
mi_a,L2,2025-12-11 19:30:00,20251211,193000,2025-12-11 19:30:00,19,2025-12-11,28.802149330555533,115.208597322222133,115.208597322222204,15.000000000000000,900.000000000000000,100.000000000000000,1,900.000000000000000,100.000000000000000
mi_a,L3,2025-12-11 19:30:00,20251211,193000,2025-12-11 19:30:00,19,2025-12-11,24.720800041666656,98.883200166666626,98.883200166666668,15.000000000000000,900.000000000000000,100.000000000000000,1,900.000000000000000,100.000000000000000
mi_a,ALL,2025-12-11 19:30:00,20251211,193000,2025-12-11 19:30:00,19,2025-12-11,82.478669294444401,329.914677177777605,109.971559059259235,15.000000000000000,900.000000000000000,100.000000000000000,1,900.000000000000000,100.000000000000000
mi_a,L1,2025-12-11 19:45:00,20251211,194500,2025-12-11 19:45:00,19,2025-12-11,31.142135794444449,124.568543177777798,124.568543177777713,15.000000000000000,900.000000000000000,100.000000000000000,1,900.000000000000000,100.000000000000000
mi_a,L2,2025-12-11 19:45:00,20251211,194500,2025-12-11 19:45:00,19,2025-12-11,31.260846722222219,125.043386888888875,125.043386888888790,15.000000000000000,900.000000000000000,100.000000000000000,1,900.000000000000000,100.000000000000000
mi_a,L3,2025-12-11 19:45:00,20251211,194500,2025-12-11 19:45:00,19,2025-12-11,27.761708186111111,111.046832744444444,111.046832744444458,15.000000000000000,900.000000000000000,100.000000000000000,1,900.000000000000000,100.000000000000000
mi_a,ALL,2025-12-11 19:45:00,20251211,194500,2025-12-11 19:45:00,19,2025-12-11,90.164690702777790,360.658762811111160,120.219587603703644,15.000000000000000,900.000000000000000,100.000000000000000,1,900.000000000000000,100.000000000000000
mi_a,L1,2025-12-11 20:00:00,20251211,200000,2025-12-11 20:00:00,20,2025-12-11,30.902980336111092,123.611921344444369,123.611921344444283,15.000000000000000,900.000000000000000,100.000000000000000,1,900.000000000000000,100.000000000000000
mi_a,L2,2025-12-11 20:00:00,20251211,200000,2025-12-11 20:00:00,20,2025-12-11,31.410102952777788,125.640411811111150,125.640411811111179,15.000000000000000,900.000000000000000,100.000000000000000,1,900.000000000000000,100.000000000000000
mi_a,L3,2025-12-11 20:00:00,20251211,200000,2025-12-11 20:00:00,20,2025-12-11,27.742045752777770,110.968183011111080,110.968183011111122,15.000000000000000,900.000000000000000,100.000000000000000,1,900.000000000000000,100.000000000000000
mi_a,ALL,2025-12-11 20:00:00,20251211,200000,2025-12-11 20:00:00,20,2025-12-11,90.055129041666646,360.220516166666584,120.073505388888861,15.000000000000000,900.000000000000000,100.000000000000000,1,900.000000000000000,100.000000000000000
mi_a,L1,2025-12-11 20:15:00,20251211,201500,2025-12-11 20:15:00,20,2025-12-11,31.103436897222206,124.413747588888825,124.413747588888882,15.000000000000000,900.000000000000000,100.000000000000000,1,900.000000000000000,100.000000000000000
mi_a,L2,2025-12-11 20:15:00,20251211,201500,2025-12-11 20:15:00,20,2025-12-11,31.559622652777762,126.238490611111047,126.238490611111089,15.000000000000000,900.000000000000000,100.000000000000000,1,900.000000000000000,100.000000000000000
mi_a,L3,2025-12-11 20:15:00,20251211,201500,2025-12-11 20:15:00,20,2025-12-11,27.874769883333343,111.499079533333372,111.499079533333415,15.000000000000000,900.000000000000000,100.000000000000000,1,900.000000000000000,100.000000000000000
mi_a,ALL,2025-12-11 20:15:00,20251211,201500,2025-12-11 20:15:00,20,2025-12-11,90.537829433333314,362.151317733333258,120.717105911111119,15.000000000000000,900.000000000000000,100.000000000000000,1,900.000000000000000,100.000000000000000
mi_a,L1,2025-12-11 20:30:00,20251211,203000,2025-12-11 20:30:00,20,2025-12-11,30.155928258333354,120.623713033333416,120.623713033333431,15.000000000000000,900.000000000000000,100.000000000000000,1,900.000000000000000,100.000000000000000
mi_a,L2,2025-12-11 20:30:00,20251211,203000,2025-12-11 20:30:00,20,2025-12-11,30.849694441666642,123.398777766666569,123.398777766666768,15.000000000000000,900.000000000000000,100.000000000000000,1,900.000000000000000,100.000000000000000
mi_a,L3,2025-12-11 20:30:00,20251211,203000,2025-12-11 20:30:00,20,2025-12-11,27.245661158333338,108.982644633333351,108.982644633333337,15.000000000000000,900.000000000000000,100.000000000000000,1,900.000000000000000,100.000000000000000
mi_a,ALL,2025-12-11 20:30:00,20251211,203000,2025-12-11 20:30:00,20,2025-12-11,88.251283858333338,353.005135433333351,117.668378477777850,15.000000000000000,900.000000000000000,100.000000000000000,1,900.000000000000000,100.000000000000000
mi_a,L1,2025-12-11 20:45:00,20251211,204500,2025-12-11 20:45:00,20,2025-12-11,28.473044955555537,113.892179822222147,113.892179822222317,15.000000000000000,900.000000000000000,100.000000000000000,1,900.000000000000000,100.000000000000000
mi_a,L2,2025-12-11 20:45:00,20251211,204500,2025-12-11 20:45:00,20,2025-12-11,28.783397677777753,115.133590711111012,115.133590711111040,15.000000000000000,900.000000000000000,100.000000000000000,1,900.000000000000000,100.000000000000000
mi_a,L3,2025-12-11 20:45:00,20251211,204500,2025-12-11 20:45:00,20,2025-12-11,25.800895577777784,103.203582311111134,103.203582311111077,15.000000000000000,900.000000000000000,100.000000000000000,1,900.000000000000000,100.000000000000000
mi_a,ALL,2025-12-11 20:45:00,20251211,204500,2025-12-11 20:45:00,20,2025-12-11,83.057338211111073,332.229352844444293,110.743117614814807,15.000000000000000,900.000000000000000,100.000000000000000,1,900.000000000000000,100.000000000000000
mi_a,L1,2025-12-11 21:00:00,20251211,210000,2025-12-11 21:00:00,21,2025-12-11,26.242147755555575,104.968591022222299,104.968591022222242,15.000000000000000,900.000000000000000,100.000000000000000,1,900.000000000000000,100.000000000000000
mi_a,L2,2025-12-11 21:00:00,20251211,210000,2025-12-11 21:00:00,21,2025-12-11,26.476556452777764,105.906225811111057,105.906225811111142,15.000000000000000,900.000000000000000,100.000000000000000,1,900.000000000000000,100.000000000000000
mi_a,L3,2025-12-11 21:00:00,20251211,210000,2025-12-11 21:00:00,21,2025-12-11,23.259510086111128,93.038040344444511,93.038040344444454,15.000000000000000,900.000000000000000,100.000000000000000,1,900.000000000000000,100.000000000000000
mi_a,ALL,2025-12-11 21:00:00,20251211,210000,2025-12-11 21:00:00,21,2025-12-11,75.978214294444456,303.912857177777823,101.304285725925951,15.000000000000000,900.000000000000000,100.000000000000000,1,900.000000000000000,100.000000000000000
mi_a,L1,2025-12-11 21:15:00,20251211,211500,2025-12-11 21:15:00,21,2025-12-11,30.098819847222234,120.395279388888937,120.395279388888852,15.000000000000000,900.000000000000000,100.000000000000000,1,900.000000000000000,100.000000000000000
mi_a,L2,2025-12-11 21:15:00,20251211,211500,2025-12-11 21:15:00,21,2025-12-11,30.756119272222215,123.024477088888858,123.024477088888858,15.000000000000000,900.000000000000000,100.000000000000000,1,900.000000000000000,100.000000000000000
mi_a,L3,2025-12-11 21:15:00,20251211,211500,2025-12-11 21:15:00,21,2025-12-11,27.084394344444451,108.337577377777805,108.337577377777762,15.000000000000000,900.000000000000000,100.000000000000000,1,900.000000000000000,100.000000000000000
mi_a,ALL,2025-12-11 21:15:00,20251211,211500,2025-12-11 21:15:00,21,2025-12-11,87.939333463888900,351.757333855555601,117.252444618518496,15.000000000000000,900.000000000000000,100.000000000000000,1,900.000000000000000,100.000000000000000
mi_a,L1,2025-12-11 21:30:00,20251211,213000,2025-12-11 21:30:00,21,2025-12-11,32.433633602777796,129.734534411111184,129.734534411111127,15.000000000000000,900.000000000000000,100.000000000000000,1,900.000000000000000,100.000000000000000
mi_a,L2,2025-12-11 21:30:00,20251211,213000,2025-12-11 21:30:00,21,2025-12-11,33.646500888888895,134.586003555555578,134.586003555555550,15.000000000000000,900.000000000000000,100.000000000000000,1,900.000000000000000,100.000000000000000
mi_a,L3,2025-12-11 21:30:00,20251211,213000,2025-12-11 21:30:00,21,2025-12-11,30.443824583333356,121.775298333333424,121.775298333333424,15.000000000000000,900.000000000000000,100.000000000000000,1,900.000000000000000,100.000000000000000
mi_a,ALL,2025-12-11 21:30:00,20251211,213000,2025-12-11 21:30:00,21,2025-12-11,96.523959075000036,386.095836300000144,128.698612100000020,15.000000000000000,900.000000000000000,100.000000000000000,1,900.000000000000000,100.000000000000000
mi_a,L1,2025-12-11 21:45:00,20251211,214500,2025-12-11 21:45:00,21,2025-12-11,31.440754755555563,125.763019022222252,125.763019022222196,15.000000000000000,900.000000000000000,100.000000000000000,1,900.000000000000000,100.000000000000000
mi_a,L2,2025-12-11 21:45:00,20251211,214500,2025-12-11 21:45:00,21,2025-12-11,32.516776427777771,130.067105711111083,130.067105711111054,15.000000000000000,900.000000000000000,100.000000000000000,1,900.000000000000000,100.000000000000000
mi_a,L3,2025-12-11 21:45:00,20251211,214500,2025-12-11 21:45:00,21,2025-12-11,29.340948558333316,117.363794233333266,117.363794233333323,15.000000000000000,900.000000000000000,100.000000000000000,1,900.000000000000000,100.000000000000000
mi_a,ALL,2025-12-11 21:45:00,20251211,214500,2025-12-11 21:45:00,21,2025-12-11,93.298479741666654,373.193918966666615,124.397972988888853,15.000000000000000,900.000000000000000,100.000000000000000,1,900.000000000000000,100.000000000000000
mi_a,L1,2025-12-11 22:00:00,20251211,220000,2025-12-11 22:00:00,22,2025-12-11,27.640206416666665,110.560825666666659,110.560825666666716,15.000000000000000,900.000000000000000,100.000000000000000,1,900.000000000000000,100.000000000000000
mi_a,L2,2025-12-11 22:00:00,20251211,220000,2025-12-11 22:00:00,22,2025-12-11,27.773934363888888,111.095737455555550,111.095737455555522,15.000000000000000,900.000000000000000,100.000000000000000,1,900.000000000000000,100.000000000000000
mi_a,L3,2025-12-11 22:00:00,20251211,220000,2025-12-11 22:00:00,22,2025-12-11,24.697857216666673,98.791428866666692,98.791428866666635,15.000000000000000,900.000000000000000,100.000000000000000,1,900.000000000000000,100.000000000000000
mi_a,ALL,2025-12-11 22:00:00,20251211,220000,2025-12-11 22:00:00,22,2025-12-11,80.111997997222218,320.447991988888873,106.815997329629624,15.000000000000000,900.000000000000000,100.000000000000000,1,900.000000000000000,100.000000000000000
mi_a,L1,2025-12-11 22:15:00,20251211,221500,2025-12-11 22:15:00,22,2025-12-11,27.609288150000012,110.437152600000047,110.437152599999976,15.000000000000000,900.000000000000000,100.000000000000000,1,900.000000000000000,100.000000000000000
mi_a,L2,2025-12-11 22:15:00,20251211,221500,2025-12-11 22:15:00,22,2025-12-11,27.816144816666654,111.264579266666615,111.264579266666743,15.000000000000000,900.000000000000000,100.000000000000000,1,900.000000000000000,100.000000000000000
mi_a,L3,2025-12-11 22:15:00,20251211,221500,2025-12-11 22:15:00,22,2025-12-11,24.467516030555554,97.870064122222217,97.870064122222232,15.000000000000000,900.000000000000000,100.000000000000000,1,900.000000000000000,100.000000000000000
mi_a,ALL,2025-12-11 22:15:00,20251211,221500,2025-12-11 22:15:00,22,2025-12-11,79.892948997222220,319.571795988888880,106.523931996296326,15.000000000000000,900.000000000000000,100.000000000000000,1,900.000000000000000,100.000000000000000
mi_a,L1,2025-12-11 22:30:00,20251211,223000,2025-12-11 22:30:00,22,2025-12-11,28.673519147222219,114.694076588888876,114.694076588889004,15.000000000000000,900.000000000000000,100.000000000000000,1,900.000000000000000,100.000000000000000
mi_a,L2,2025-12-11 22:30:00,20251211,223000,2025-12-11 22:30:00,22,2025-12-11,28.593065938888909,114.372263755555636,114.372263755555551,15.000000000000000,900.000000000000000,100.000000000000000,1,900.000000000000000,100.000000000000000
mi_a,L3,2025-12-11 22:30:00,20251211,223000,2025-12-11 22:30:00,22,2025-12-11,25.891256519444447,103.565026077777787,103.565026077777816,15.000000000000000,900.000000000000000,100.000000000000000,1,900.000000000000000,100.000000000000000
mi_a,ALL,2025-12-11 22:30:00,20251211,223000,2025-12-11 22:30:00,22,2025-12-11,83.157841605555575,332.631366422222300,110.877122140740781,15.000000000000000,900.000000000000000,100.000000000000000,1,900.000000000000000,100.000000000000000
mi_a,L1,2025-12-11 22:45:00,20251211,224500,2025-12-11 22:45:00,22,2025-12-11,28.030207636111125,112.120830544444502,112.120830544444445,15.000000000000000,900.000000000000000,100.000000000000000,1,900.000000000000000,100.000000000000000
mi_a,L2,2025-12-11 22:45:00,20251211,224500,2025-12-11 22:45:00,22,2025-12-11,28.499643549999984,113.998574199999936,113.998574199999922,15.000000000000000,900.000000000000000,100.000000000000000,1,900.000000000000000,100.000000000000000
mi_a,L3,2025-12-11 22:45:00,20251211,224500,2025-12-11 22:45:00,22,2025-12-11,25.114222172222242,100.456888688888966,100.456888688888966,15.000000000000000,900.000000000000000,100.000000000000000,1,900.000000000000000,100.000000000000000
mi_a,ALL,2025-12-11 22:45:00,20251211,224500,2025-12-11 22:45:00,22,2025-12-11,81.644073358333358,326.576293433333433,108.858764477777768,15.000000000000000,900.000000000000000,100.000000000000000,1,900.000000000000000,100.000000000000000
mi_a,L1,2025-12-11 23:00:00,20251211,230000,2025-12-11 23:00:00,23,2025-12-11,26.926743427777780,107.706973711111118,107.706973711111203,15.000000000000000,900.000000000000000,100.000000000000000,1,900.000000000000000,100.000000000000000
mi_a,L2,2025-12-11 23:00:00,20251211,230000,2025-12-11 23:00:00,23,2025-12-11,27.431763027777780,109.727052111111121,109.727052111111064,15.000000000000000,900.000000000000000,100.000000000000000,1,900.000000000000000,100.000000000000000
mi_a,L3,2025-12-11 23:00:00,20251211,230000,2025-12-11 23:00:00,23,2025-12-11,24.029800466666671,96.119201866666685,96.119201866666714,15.000000000000000,900.000000000000000,100.000000000000000,1,900.000000000000000,100.000000000000000
mi_a,ALL,2025-12-11 23:00:00,20251211,230000,2025-12-11 23:00:00,23,2025-12-11,78.388306922222228,313.553227688888910,104.517742562963008,15.000000000000000,900.000000000000000,100.000000000000000,1,900.000000000000000,100.000000000000000
mi_a,L1,2025-12-11 23:15:00,20251211,231500,2025-12-11 23:15:00,23,2025-12-11,28.318049747222226,113.272198988888903,113.272198988888746,15.000000000000000,900.000000000000000,100.000000000000000,1,900.000000000000000,100.000000000000000
mi_a,L2,2025-12-11 23:15:00,20251211,231500,2025-12-11 23:15:00,23,2025-12-11,28.729360200000006,114.917440800000023,114.917440799999923,15.000000000000000,900.000000000000000,100.000000000000000,1,900.000000000000000,100.000000000000000
mi_a,L3,2025-12-11 23:15:00,20251211,231500,2025-12-11 23:15:00,23,2025-12-11,25.106515097222236,100.426060388888942,100.426060388888828,15.000000000000000,900.000000000000000,100.000000000000000,1,900.000000000000000,100.000000000000000
mi_a,ALL,2025-12-11 23:15:00,20251211,231500,2025-12-11 23:15:00,23,2025-12-11,82.153925044444463,328.615700177777853,109.538566725925847,15.000000000000000,900.000000000000000,100.000000000000000,1,900.000000000000000,100.000000000000000
mi_a,L1,2025-12-11 23:30:00,20251211,233000,2025-12-11 23:30:00,23,2025-12-11,29.405104552777768,117.620418211111073,117.620418211111186,15.000000000000000,900.000000000000000,100.000000000000000,1,900.000000000000000,100.000000000000000
mi_a,L2,2025-12-11 23:30:00,20251211,233000,2025-12-11 23:30:00,23,2025-12-11,29.110966122222216,116.443864488888863,116.443864488888948,15.000000000000000,900.000000000000000,100.000000000000000,1,900.000000000000000,100.000000000000000
mi_a,L3,2025-12-11 23:30:00,20251211,233000,2025-12-11 23:30:00,23,2025-12-11,25.890672844444442,103.562691377777767,103.562691377777739,15.000000000000000,900.000000000000000,100.000000000000000,1,900.000000000000000,100.000000000000000
mi_a,ALL,2025-12-11 23:30:00,20251211,233000,2025-12-11 23:30:00,23,2025-12-11,84.406743519444433,337.626974077777732,112.542324692592629,15.000000000000000,900.000000000000000,100.000000000000000,1,900.000000000000000,100.000000000000000
mi_a,L1,2025-12-11 23:45:00,20251211,234500,2025-12-11 23:45:00,23,2025-12-11,28.756497744444452,115.025990977777809,115.025990977777838,15.000000000000000,900.000000000000000,100.000000000000000,1,900.000000000000000,100.000000000000000
mi_a,L2,2025-12-11 23:45:00,20251211,234500,2025-12-11 23:45:00,23,2025-12-11,28.535313891666664,114.141255566666658,114.141255566666601,15.000000000000000,900.000000000000000,100.000000000000000,1,900.000000000000000,100.000000000000000
mi_a,L3,2025-12-11 23:45:00,20251211,234500,2025-12-11 23:45:00,23,2025-12-11,25.327204188888874,101.308816755555497,101.308816755555554,15.000000000000000,900.000000000000000,100.000000000000000,1,900.000000000000000,100.000000000000000
mi_a,ALL,2025-12-11 23:45:00,20251211,234500,2025-12-11 23:45:00,23,2025-12-11,82.619015824999991,330.476063299999964,110.158687766666645,15.000000000000000,900.000000000000000,100.000000000000000,1,900.000000000000000,100.000000000000000
