AssetId,Phase,window_start_utc,DateKeyUtc,TimeKeyUtc,WindowStartLocal,HourLocal,DateLocal,Energy_kWh_15m,Demand_kW,AvgPower_kW_15m,Minutes,SecondsObserved,DataCoveragePct,IsReliableWindow,SecondsReliable,ReliableCoveragePct
p_d,L1,2025-05-26 00:00:00,20250526,0,2025-05-26 01:00:00,1,2025-05-26,0.008304058333333,0.033216233333333,0.033216233333333,15.000000000000000,900.000000000000000,100.000000000000000,1,900.000000000000000,100.000000000000000
p_d,L2,2025-05-26 00:00:00,20250526,0,2025-05-26 01:00:00,1,2025-05-26,0.010666930555556,0.042667722222222,0.042667722222222,15.000000000000000,900.000000000000000,100.000000000000000,1,900.000000000000000,100.000000000000000
p_d,L3,2025-05-26 00:00:00,20250526,0,2025-05-26 01:00:00,1,2025-05-26,0.011423625000000,0.045694500000000,0.045694500000000,15.000000000000000,900.000000000000000,100.000000000000000,1,900.000000000000000,100.000000000000000
p_d,ALL,2025-05-26 00:00:00,20250526,0,2025-05-26 01:00:00,1,2025-05-26,0.030394613888889,0.121578455555556,0.040526151851852,15.000000000000000,900.000000000000000,100.000000000000000,1,900.000000000000000,100.000000000000000
p_d,L1,2025-05-26 00:15:00,20250526,1500,2025-05-26 01:15:00,1,2025-05-26,0.008318775000000,0.033275100000000,0.033275100000000,15.000000000000000,900.000000000000000,100.000000000000000,1,900.000000000000000,100.000000000000000
p_d,L2,2025-05-26 00:15:00,20250526,1500,2025-05-26 01:15:00,1,2025-05-26,0.010673161111111,0.042692644444444,0.042692644444444,15.000000000000000,900.000000000000000,100.000000000000000,1,900.000000000000000,100.000000000000000
p_d,L3,2025-05-26 00:15:00,20250526,1500,2025-05-26 01:15:00,1,2025-05-26,0.011475777777778,0.045903111111111,0.045903111111111,15.000000000000000,900.000000000000000,100.000000000000000,1,900.000000000000000,100.000000000000000
p_d,ALL,2025-05-26 00:15:00,20250526,1500,2025-05-26 01:15:00,1,2025-05-26,0.030467713888889,0.121870855555556,0.040623618518518,15.000000000000000,900.000000000000000,100.000000000000000,1,900.000000000000000,100.000000000000000
p_d,L1,2025-05-26 00:30:00,20250526,3000,2025-05-26 01:30:00,1,2025-05-26,0.008326988888889,0.033307955555556,0.033307955555555,15.000000000000000,900.000000000000000,100.000000000000000,1,900.000000000000000,100.000000000000000
p_d,L2,2025-05-26 00:30:00,20250526,3000,2025-05-26 01:30:00,1,2025-05-26,0.010685833333333,0.042743333333333,0.042743333333333,15.000000000000000,900.000000000000000,100.000000000000000,1,900.000000000000000,100.000000000000000
p_d,L3,2025-05-26 00:30:00,20250526,3000,2025-05-26 01:30:00,1,2025-05-26,0.011449294444444,0.045797177777778,0.045797177777778,15.000000000000000,900.000000000000000,100.000000000000000,1,900.000000000000000,100.000000000000000
p_d,ALL,2025-05-26 00:30:00,20250526,3000,2025-05-26 01:30:00,1,2025-05-26,0.030462116666667,0.121848466666667,0.040616155555555,15.000000000000000,900.000000000000000,100.000000000000000,1,900.000000000000000,100.000000000000000
p_d,L1,2025-05-26 00:45:00,20250526,4500,2025-05-26 01:45:00,1,2025-05-26,0.008338711111111,0.033354844444444,0.033354844444444,15.000000000000000,900.000000000000000,100.000000000000000,1,900.000000000000000,100.000000000000000
p_d,L2,2025-05-26 00:45:00,20250526,4500,2025-05-26 01:45:00,1,2025-05-26,0.010673933333333,0.042695733333333,0.042695733333333,15.000000000000000,900.000000000000000,100.000000000000000,1,900.000000000000000,100.000000000000000
p_d,L3,2025-05-26 00:45:00,20250526,4500,2025-05-26 01:45:00,1,2025-05-26,0.011489927777778,0.045959711111111,0.045959711111111,15.000000000000000,900.000000000000000,100.000000000000000,1,900.000000000000000,100.000000000000000
p_d,ALL,2025-05-26 00:45:00,20250526,4500,2025-05-26 01:45:00,1,2025-05-26,0.030502572222222,0.122010288888889,0.040670096296296,15.000000000000000,900.000000000000000,100.000000000000000,1,900.000000000000000,100.000000000000000
p_d,L1,2025-05-26 01:00:00,20250526,10000,2025-05-26 02:00:00,2,2025-05-26,0.008365316666667,0.033461266666667,0.033461266666667,15.000000000000000,900.000000000000000,100.000000000000000,1,900.000000000000000,100.000000000000000
p_d,L2,2025-05-26 01:00:00,20250526,10000,2025-05-26 02:00:00,2,2025-05-26,0.010659011111111,0.042636044444444,0.042636044444444,15.000000000000000,900.000000000000000,100.000000000000000,1,900.000000000000000,100.000000000000000
p_d,L3,2025-05-26 01:00:00,20250526,10000,2025-05-26 02:00:00,2,2025-05-26,0.011453000000000,0.045812000000000,0.045812000000000,15.000000000000000,900.000000000000000,100.000000000000000,1,900.000000000000000,100.000000000000000
p_d,ALL,2025-05-26 01:00:00,20250526,10000,2025-05-26 02:00:00,2,2025-05-26,0.030477327777778,0.121909311111111,0.040636437037037,15.000000000000000,900.000000000000000,100.000000000000000,1,900.000000000000000,100.000000000000000
p_d,L1,2025-05-26 01:15:00,20250526,11500,2025-05-26 02:15:00,2,2025-05-26,0.008322738888889,0.033290955555556,0.033290955555555,15.000000000000000,900.000000000000000,100.000000000000000,1,900.000000000000000,100.000000000000000
p_d,L2,2025-05-26 01:15:00,20250526,11500,2025-05-26 02:15:00,2,2025-05-26,0.010711747222222,0.042846988888889,0.042846988888889,15.000000000000000,900.000000000000000,100.000000000000000,1,900.000000000000000,100.000000000000000
p_d,L3,2025-05-26 01:15:00,20250526,11500,2025-05-26 02:15:00,2,2025-05-26,0.011481241666667,0.045924966666667,0.045924966666667,15.000000000000000,900.000000000000000,100.000000000000000,1,900.000000000000000,100.000000000000000
p_d,ALL,2025-05-26 01:15:00,20250526,11500,2025-05-26 02:15:00,2,2025-05-26,0.030515727777778,0.122062911111111,0.040687637037037,15.000000000000000,900.000000000000000,100.000000000000000,1,900.000000000000000,100.000000000000000
p_d,L1,2025-05-26 01:30:00,20250526,13000,2025-05-26 02:30:00,2,2025-05-26,0.008326541666667,0.033306166666667,0.033306166666667,15.000000000000000,900.000000000000000,100.000000000000000,1,900.000000000000000,100.000000000000000
p_d,L2,2025-05-26 01:30:00,20250526,13000,2025-05-26 02:30:00,2,2025-05-26,0.010702922222222,0.042811688888889,0.042811688888889,15.000000000000000,900.000000000000000,100.000000000000000,1,900.000000000000000,100.000000000000000
p_d,L3,2025-05-26 01:30:00,20250526,13000,2025-05-26 02:30:00,2,2025-05-26,0.011489258333333,0.045957033333333,0.045957033333333,15.000000000000000,900.000000000000000,100.000000000000000,1,900.000000000000000,100.000000000000000
p_d,ALL,2025-05-26 01:30:00,20250526,13000,2025-05-26 02:30:00,2,2025-05-26,0.030518722222222,0.122074888888889,0.040691629629630,15.000000000000000,900.000000000000000,100.000000000000000,1,900.000000000000000,100.000000000000000
p_d,L1,2025-05-26 01:45:00,20250526,14500,2025-05-26 02:45:00,2,2025-05-26,0.008330972222222,0.033323888888889,0.033323888888889,15.000000000000000,900.000000000000000,100.000000000000000,1,900.000000000000000,100.000000000000000
p_d,L2,2025-05-26 01:45:00,20250526,14500,2025-05-26 02:45:00,2,2025-05-26,0.010735788888889,0.042943155555556,0.042943155555555,15.000000000000000,900.000000000000000,100.000000000000000,1,900.000000000000000,100.000000000000000
p_d,L3,2025-05-26 01:45:00,20250526,14500,2025-05-26 02:45:00,2,2025-05-26,0.011508497222222,0.046033988888889,0.046033988888889,15.000000000000000,900.000000000000000,100.000000000000000,1,900.000000000000000,100.000000000000000
p_d,ALL,2025-05-26 01:45:00,20250526,14500,2025-05-26 02:45:00,2,2025-05-26,0.030575258333333,0.122301033333333,0.040767011111111,15.000000000000000,900.000000000000000,100.000000000000000,1,900.000000000000000,100.000000000000000
p_d,L1,2025-05-26 02:00:00,20250526,20000,2025-05-26 03:00:00,3,2025-05-26,0.008323344444444,0.033293377777778,0.033293377777778,15.000000000000000,900.000000000000000,100.000000000000000,1,900.000000000000000,100.000000000000000
p_d,L2,2025-05-26 02:00:00,20250526,20000,2025-05-26 03:00:00,3,2025-05-26,0.010734033333333,0.042936133333333,0.042936133333333,15.000000000000000,900.000000000000000,100.000000000000000,1,900.000000000000000,100.000000000000000
p_d,L3,2025-05-26 02:00:00,20250526,20000,2025-05-26 03:00:00,3,2025-05-26,0.011522311111111,0.046089244444444,0.046089244444444,15.000000000000000,900.000000000000000,100.000000000000000,1,900.000000000000000,100.000000000000000
p_d,ALL,2025-05-26 02:00:00,20250526,20000,2025-05-26 03:00:00,3,2025-05-26,0.030579688888889,0.122318755555556,0.040772918518518,15.000000000000000,900.000000000000000,100.000000000000000,1,900.000000000000000,100.000000000000000
p_d,L1,2025-05-26 02:15:00,20250526,21500,2025-05-26 03:15:00,3,2025-05-26,0.008340552777778,0.033362211111111,0.033362211111111,15.000000000000000,900.000000000000000,100.000000000000000,1,900.000000000000000,100.000000000000000
p_d,L2,2025-05-26 02:15:00,20250526,21500,2025-05-26 03:15:00,3,2025-05-26,0.010710611111111,0.042842444444445,0.042842444444444,15.000000000000000,900.000000000000000,100.000000000000000,1,900.000000000000000,100.000000000000000
p_d,L3,2025-05-26 02:15:00,20250526,21500,2025-05-26 03:15:00,3,2025-05-26,0.011528288888889,0.046113155555555,0.046113155555555,15.000000000000000,900.000000000000000,100.000000000000000,1,900.000000000000000,100.000000000000000
p_d,ALL,2025-05-26 02:15:00,20250526,21500,2025-05-26 03:15:00,3,2025-05-26,0.030579452777778,0.122317811111111,0.040772603703704,15.000000000000000,900.000000000000000,100.000000000000000,1,900.000000000000000,100.000000000000000
p_d,L1,2025-05-26 02:30:00,20250526,23000,2025-05-26 03:30:00,3,2025-05-26,0.008341538888889,0.033366155555556,0.033366155555555,15.000000000000000,900.000000000000000,100.000000000000000,1,900.000000000000000,100.000000000000000
p_d,L2,2025-05-26 02:30:00,20250526,23000,2025-05-26 03:30:00,3,2025-05-26,0.010725861111111,0.042903444444445,0.042903444444444,15.000000000000000,900.000000000000000,100.000000000000000,1,900.000000000000000,100.000000000000000
p_d,L3,2025-05-26 02:30:00,20250526,23000,2025-05-26 03:30:00,3,2025-05-26,0.011511911111111,0.046047644444444,0.046047644444444,15.000000000000000,900.000000000000000,100.000000000000000,1,900.000000000000000,100.000000000000000
p_d,ALL,2025-05-26 02:30:00,20250526,23000,2025-05-26 03:30:00,3,2025-05-26,0.030579311111111,0.122317244444444,0.040772414814815,15.000000000000000,900.000000000000000,100.000000000000000,1,900.000000000000000,100.000000000000000
p_d,L1,2025-05-26 02:45:00,20250526,24500,2025-05-26 03:45:00,3,2025-05-26,0.008317013888889,0.033268055555556,0.033268055555555,15.000000000000000,900.000000000000000,100.000000000000000,1,900.000000000000000,100.000000000000000
p_d,L2,2025-05-26 02:45:00,20250526,24500,2025-05-26 03:45:00,3,2025-05-26,0.010698552777778,0.042794211111111,0.042794211111111,15.000000000000000,900.000000000000000,100.000000000000000,1,900.000000000000000,100.000000000000000
p_d,L3,2025-05-26 02:45:00,20250526,24500,2025-05-26 03:45:00,3,2025-05-26,0.011471133333333,0.045884533333333,0.045884533333333,15.000000000000000,900.000000000000000,100.000000000000000,1,900.000000000000000,100.000000000000000
p_d,ALL,2025-05-26 02:45:00,20250526,24500,2025-05-26 03:45:00,3,2025-05-26,0.030486700000000,0.121946800000000,0.040648933333333,15.000000000000000,900.000000000000000,100.000000000000000,1,900.000000000000000,100.000000000000000
p_d,L1,2025-05-26 03:00:00,20250526,30000,2025-05-26 04:00:00,4,2025-05-26,0.008388919444444,0.033555677777778,0.033555677777778,15.000000000000000,900.000000000000000,100.000000000000000,1,900.000000000000000,100.000000000000000
p_d,L2,2025-05-26 03:00:00,20250526,30000,2025-05-26 04:00:00,4,2025-05-26,0.010621630555556,0.042486522222222,0.042486522222222,15.000000000000000,900.000000000000000,100.000000000000000,1,900.000000000000000,100.000000000000000
p_d,L3,2025-05-26 03:00:00,20250526,30000,2025-05-26 04:00:00,4,2025-05-26,0.011463038888889,0.045852155555555,0.045852155555555,15.000000000000000,900.000000000000000,100.000000000000000,1,900.000000000000000,100.000000000000000
p_d,ALL,2025-05-26 03:00:00,20250526,30000,2025-05-26 04:00:00,4,2025-05-26,0.030473588888889,0.121894355555555,0.040631451851852,15.000000000000000,900.000000000000000,100.000000000000000,1,900.000000000000000,100.000000000000000
p_d,L1,2025-05-26 03:15:00,20250526,31500,2025-05-26 04:15:00,4,2025-05-26,0.008387358333333,0.033549433333333,0.033549433333333,15.000000000000000,900.000000000000000,100.000000000000000,1,900.000000000000000,100.000000000000000
p_d,L2,2025-05-26 03:15:00,20250526,31500,2025-05-26 04:15:00,4,2025-05-26,0.010647311111111,0.042589244444445,0.042589244444444,15.000000000000000,900.000000000000000,100.000000000000000,1,900.000000000000000,100.000000000000000
p_d,L3,2025-05-26 03:15:00,20250526,31500,2025-05-26 04:15:00,4,2025-05-26,0.011495650000000,0.045982600000000,0.045982600000000,15.000000000000000,900.000000000000000,100.000000000000000,1,900.000000000000000,100.000000000000000
p_d,ALL,2025-05-26 03:15:00,20250526,31500,2025-05-26 04:15:00,4,2025-05-26,0.030530319444444,0.122121277777778,0.040707092592592,15.000000000000000,900.000000000000000,100.000000000000000,1,900.000000000000000,100.000000000000000
p_d,L1,2025-05-26 03:30:00,20250526,33000,2025-05-26 04:30:00,4,2025-05-26,0.008416744444444,0.033666977777778,0.033666977777778,15.000000000000000,900.000000000000000,100.000000000000000,1,900.000000000000000,100.000000000000000
p_d,L2,2025-05-26 03:30:00,20250526,33000,2025-05-26 04:30:00,4,2025-05-26,0.010676441666667,0.042705766666667,0.042705766666667,15.000000000000000,900.000000000000000,100.000000000000000,1,900.000000000000000,100.000000000000000
p_d,L3,2025-05-26 03:30:00,20250526,33000,2025-05-26 04:30:00,4,2025-05-26,0.011478161111111,0.045912644444444,0.045912644444444,15.000000000000000,900.000000000000000,100.000000000000000,1,900.000000000000000,100.000000000000000
p_d,ALL,2025-05-26 03:30:00,20250526,33000,2025-05-26 04:30:00,4,2025-05-26,0.030571347222222,0.122285388888889,0.040761796296296,15.000000000000000,900.000000000000000,100.000000000000000,1,900.000000000000000,100.000000000000000
p_d,L1,2025-05-26 03:45:00,20250526,34500,2025-05-26 04:45:00,4,2025-05-26,0.008406352777778,0.033625411111111,0.033625411111111,15.000000000000000,900.000000000000000,100.000000000000000,1,900.000000000000000,100.000000000000000
p_d,L2,2025-05-26 03:45:00,20250526,34500,2025-05-26 04:45:00,4,2025-05-26,0.010638638888889,0.042554555555556,0.042554555555555,15.000000000000000,900.000000000000000,100.000000000000000,1,900.000000000000000,100.000000000000000
p_d,L3,2025-05-26 03:45:00,20250526,34500,2025-05-26 04:45:00,4,2025-05-26,0.011463269444444,0.045853077777778,0.045853077777778,15.000000000000000,900.000000000000000,100.000000000000000,1,900.000000000000000,100.000000000000000
p_d,ALL,2025-05-26 03:45:00,20250526,34500,2025-05-26 04:45:00,4,2025-05-26,0.030508261111111,0.122033044444444,0.040677681481481,15.000000000000000,900.000000000000000,100.000000000000000,1,900.000000000000000,100.000000000000000
p_d,L1,2025-05-26 04:00:00,20250526,40000,2025-05-26 05:00:00,5,2025-05-26,0.008403611111111,0.033614444444444,0.033614444444444,15.000000000000000,900.000000000000000,100.000000000000000,1,900.000000000000000,100.000000000000000
p_d,L2,2025-05-26 04:00:00,20250526,40000,2025-05-26 05:00:00,5,2025-05-26,0.010610569444444,0.042442277777778,0.042442277777778,15.000000000000000,900.000000000000000,100.000000000000000,1,900.000000000000000,100.000000000000000
p_d,L3,2025-05-26 04:00:00,20250526,40000,2025-05-26 05:00:00,5,2025-05-26,0.011485605555556,0.045942422222222,0.045942422222222,15.000000000000000,900.000000000000000,100.000000000000000,1,900.000000000000000,100.000000000000000
p_d,ALL,2025-05-26 04:00:00,20250526,40000,2025-05-26 05:00:00,5,2025-05-26,0.030499786111111,0.121999144444444,0.040666381481481,15.000000000000000,900.000000000000000,100.000000000000000,1,900.000000000000000,100.000000000000000
p_d,L1,2025-05-26 04:15:00,20250526,41500,2025-05-26 05:15:00,5,2025-05-26,0.008358402777778,0.033433611111111,0.033433611111111,15.000000000000000,900.000000000000000,100.000000000000000,1,900.000000000000000,100.000000000000000
p_d,L2,2025-05-26 04:15:00,20250526,41500,2025-05-26 05:15:00,5,2025-05-26,0.010599794444444,0.042399177777778,0.042399177777778,15.000000000000000,900.000000000000000,100.000000000000000,1,900.000000000000000,100.000000000000000
p_d,L3,2025-05-26 04:15:00,20250526,41500,2025-05-26 05:15:00,5,2025-05-26,0.011431061111111,0.045724244444444,0.045724244444444,15.000000000000000,900.000000000000000,100.000000000000000,1,900.000000000000000,100.000000000000000
p_d,ALL,2025-05-26 04:15:00,20250526,41500,2025-05-26 05:15:00,5,2025-05-26,0.030389258333333,0.121557033333333,0.040519011111111,15.000000000000000,900.000000000000000,100.000000000000000,1,900.000000000000000,100.000000000000000
p_d,L1,2025-05-26 04:30:00,20250526,43000,2025-05-26 05:30:00,5,2025-05-26,0.008395141666667,0.033580566666667,0.033580566666667,15.000000000000000,900.000000000000000,100.000000000000000,1,900.000000000000000,100.000000000000000
p_d,L2,2025-05-26 04:30:00,20250526,43000,2025-05-26 05:30:00,5,2025-05-26,0.010679575000000,0.042718300000000,0.042718300000000,15.000000000000000,900.000000000000000,100.000000000000000,1,900.000000000000000,100.000000000000000
p_d,L3,2025-05-26 04:30:00,20250526,43000,2025-05-26 05:30:00,5,2025-05-26,0.011445438888889,0.045781755555555,0.045781755555555,15.000000000000000,900.000000000000000,100.000000000000000,1,900.000000000000000,100.000000000000000
p_d,ALL,2025-05-26 04:30:00,20250526,43000,2025-05-26 05:30:00,5,2025-05-26,0.030520155555556,0.122080622222222,0.040693540740741,15.000000000000000,900.000000000000000,100.000000000000000,1,900.000000000000000,100.000000000000000
p_d,L1,2025-05-26 04:45:00,20250526,44500,2025-05-26 05:45:00,5,2025-05-26,0.008294641666667,0.033178566666667,0.033178566666667,15.000000000000000,900.000000000000000,100.000000000000000,1,900.000000000000000,100.000000000000000
p_d,L2,2025-05-26 04:45:00,20250526,44500,2025-05-26 05:45:00,5,2025-05-26,0.010464377777778,0.041857511111111,0.041857511111111,15.000000000000000,900.000000000000000,100.000000000000000,1,900.000000000000000,100.000000000000000
p_d,L3,2025-05-26 04:45:00,20250526,44500,2025-05-26 05:45:00,5,2025-05-26,0.011268475000000,0.045073900000000,0.045073900000000,15.000000000000000,900.000000000000000,100.000000000000000,1,900.000000000000000,100.000000000000000
p_d,ALL,2025-05-26 04:45:00,20250526,44500,2025-05-26 05:45:00,5,2025-05-26,0.030027494444444,0.120109977777778,0.040036659259259,15.000000000000000,900.000000000000000,100.000000000000000,1,900.000000000000000,100.000000000000000
p_d,L1,2025-05-26 05:00:00,20250526,50000,2025-05-26 06:00:00,6,2025-05-26,0.008065605555556,0.032262422222222,0.032262422222222,15.000000000000000,900.000000000000000,100.000000000000000,1,900.000000000000000,100.000000000000000
p_d,L2,2025-05-26 05:00:00,20250526,50000,2025-05-26 06:00:00,6,2025-05-26,0.010314525000000,0.041258100000000,0.041258100000000,15.000000000000000,900.000000000000000,100.000000000000000,1,900.000000000000000,100.000000000000000
p_d,L3,2025-05-26 05:00:00,20250526,50000,2025-05-26 06:00:00,6,2025-05-26,0.010995116666667,0.043980466666667,0.043980466666667,15.000000000000000,900.000000000000000,100.000000000000000,1,900.000000000000000,100.000000000000000
p_d,ALL,2025-05-26 05:00:00,20250526,50000,2025-05-26 06:00:00,6,2025-05-26,0.029375247222222,0.117500988888889,0.039166996296296,15.000000000000000,900.000000000000000,100.000000000000000,1,900.000000000000000,100.000000000000000
p_d,L1,2025-05-26 05:15:00,20250526,51500,2025-05-26 06:15:00,6,2025-05-26,0.008033250000000,0.032133000000000,0.032133000000000,15.000000000000000,900.000000000000000,100.000000000000000,1,900.000000000000000,100.000000000000000
p_d,L2,2025-05-26 05:15:00,20250526,51500,2025-05-26 06:15:00,6,2025-05-26,0.010306377777778,0.041225511111111,0.041225511111111,15.000000000000000,900.000000000000000,100.000000000000000,1,900.000000000000000,100.000000000000000
p_d,L3,2025-05-26 05:15:00,20250526,51500,2025-05-26 06:15:00,6,2025-05-26,0.010975005555556,0.043900022222222,0.043900022222222,15.000000000000000,900.000000000000000,100.000000000000000,1,900.000000000000000,100.000000000000000
p_d,ALL,2025-05-26 05:15:00,20250526,51500,2025-05-26 06:15:00,6,2025-05-26,0.029314633333333,0.117258533333333,0.039086177777778,15.000000000000000,900.000000000000000,100.000000000000000,1,900.000000000000000,100.000000000000000
p_d,L1,2025-05-26 05:30:00,20250526,53000,2025-05-26 06:30:00,6,2025-05-26,0.007923922222222,0.031695688888889,0.031695688888889,15.000000000000000,900.000000000000000,100.000000000000000,1,900.000000000000000,100.000000000000000
p_d,L2,2025-05-26 05:30:00,20250526,53000,2025-05-26 06:30:00,6,2025-05-26,0.010405050000000,0.041620200000000,0.041620200000000,15.000000000000000,900.000000000000000,100.000000000000000,1,900.000000000000000,100.000000000000000
p_d,L3,2025-05-26 05:30:00,20250526,53000,2025-05-26 06:30:00,6,2025-05-26,0.010899950000000,0.043599800000000,0.043599800000000,15.000000000000000,900.000000000000000,100.000000000000000,1,900.000000000000000,100.000000000000000
p_d,ALL,2025-05-26 05:30:00,20250526,53000,2025-05-26 06:30:00,6,2025-05-26,0.029228922222222,0.116915688888889,0.038971896296296,15.000000000000000,900.000000000000000,100.000000000000000,1,900.000000000000000,100.000000000000000
p_d,L1,2025-05-26 05:45:00,20250526,54500,2025-05-26 06:45:00,6,2025-05-26,0.007919794444444,0.031679177777778,0.031679177777778,15.000000000000000,900.000000000000000,100.000000000000000,1,900.000000000000000,100.000000000000000
p_d,L2,2025-05-26 05:45:00,20250526,54500,2025-05-26 06:45:00,6,2025-05-26,0.010257238888889,0.041028955555556,0.041028955555555,15.000000000000000,900.000000000000000,100.000000000000000,1,900.000000000000000,100.000000000000000
p_d,L3,2025-05-26 05:45:00,20250526,54500,2025-05-26 06:45:00,6,2025-05-26,0.010770458333333,0.043081833333333,0.043081833333333,15.000000000000000,900.000000000000000,100.000000000000000,1,900.000000000000000,100.000000000000000
p_d,ALL,2025-05-26 05:45:00,20250526,54500,2025-05-26 06:45:00,6,2025-05-26,0.028947491666667,0.115789966666667,0.038596655555555,15.000000000000000,900.000000000000000,100.000000000000000,1,900.000000000000000,100.000000000000000
p_d,L1,2025-05-26 06:00:00,20250526,60000,2025-05-26 07:00:00,7,2025-05-26,0.007834375000000,0.031337500000000,0.031337500000000,15.000000000000000,900.000000000000000,100.000000000000000,1,900.000000000000000,100.000000000000000
p_d,L2,2025-05-26 06:00:00,20250526,60000,2025-05-26 07:00:00,7,2025-05-26,0.010169552777778,0.040678211111111,0.040678211111111,15.000000000000000,900.000000000000000,100.000000000000000,1,900.000000000000000,100.000000000000000
p_d,L3,2025-05-26 06:00:00,20250526,60000,2025-05-26 07:00:00,7,2025-05-26,0.010650072222222,0.042600288888889,0.042600288888889,15.000000000000000,900.000000000000000,100.000000000000000,1,900.000000000000000,100.000000000000000
p_d,ALL,2025-05-26 06:00:00,20250526,60000,2025-05-26 07:00:00,7,2025-05-26,0.028654000000000,0.114616000000000,0.038205333333333,15.000000000000000,900.000000000000000,100.000000000000000,1,900.000000000000000,100.000000000000000
p_d,L1,2025-05-26 06:15:00,20250526,61500,2025-05-26 07:15:00,7,2025-05-26,0.007755422222222,0.031021688888889,0.031021688888889,15.000000000000000,900.000000000000000,100.000000000000000,1,900.000000000000000,100.000000000000000
p_d,L2,2025-05-26 06:15:00,20250526,61500,2025-05-26 07:15:00,7,2025-05-26,0.010121616666667,0.040486466666667,0.040486466666667,15.000000000000000,900.000000000000000,100.000000000000000,1,900.000000000000000,100.000000000000000
p_d,L3,2025-05-26 06:15:00,20250526,61500,2025-05-26 07:15:00,7,2025-05-26,0.010549205555556,0.042196822222222,0.042196822222222,15.000000000000000,900.000000000000000,100.000000000000000,1,900.000000000000000,100.000000000000000
p_d,ALL,2025-05-26 06:15:00,20250526,61500,2025-05-26 07:15:00,7,2025-05-26,0.028426244444444,0.113704977777778,0.037901659259259,15.000000000000000,900.000000000000000,100.000000000000000,1,900.000000000000000,100.000000000000000
p_d,L1,2025-05-26 06:30:00,20250526,63000,2025-05-26 07:30:00,7,2025-05-26,0.007757813888889,0.031031255555556,0.031031255555556,15.000000000000000,900.000000000000000,100.000000000000000,1,900.000000000000000,100.000000000000000
p_d,L2,2025-05-26 06:30:00,20250526,63000,2025-05-26 07:30:00,7,2025-05-26,0.010130491666667,0.040521966666667,0.040521966666667,15.000000000000000,900.000000000000000,100.000000000000000,1,900.000000000000000,100.000000000000000
p_d,L3,2025-05-26 06:30:00,20250526,63000,2025-05-26 07:30:00,7,2025-05-26,0.010521177777778,0.042084711111111,0.042084711111111,15.000000000000000,900.000000000000000,100.000000000000000,1,900.000000000000000,100.000000000000000
p_d,ALL,2025-05-26 06:30:00,20250526,63000,2025-05-26 07:30:00,7,2025-05-26,0.028409483333333,0.113637933333333,0.037879311111111,15.000000000000000,900.000000000000000,100.000000000000000,1,900.000000000000000,100.000000000000000
p_d,L1,2025-05-26 06:45:00,20250526,64500,2025-05-26 07:45:00,7,2025-05-26,0.007880325000000,0.031521300000000,0.031521300000000,15.000000000000000,900.000000000000000,100.000000000000000,1,900.000000000000000,100.000000000000000
p_d,L2,2025-05-26 06:45:00,20250526,64500,2025-05-26 07:45:00,7,2025-05-26,0.010272838888889,0.041091355555556,0.041091355555555,15.000000000000000,900.000000000000000,100.000000000000000,1,900.000000000000000,100.000000000000000
p_d,L3,2025-05-26 06:45:00,20250526,64500,2025-05-26 07:45:00,7,2025-05-26,0.010775569444444,0.043102277777778,0.043102277777778,15.000000000000000,900.000000000000000,100.000000000000000,1,900.000000000000000,100.000000000000000
p_d,ALL,2025-05-26 06:45:00,20250526,64500,2025-05-26 07:45:00,7,2025-05-26,0.028928733333333,0.115714933333334,0.038571644444444,15.000000000000000,900.000000000000000,100.000000000000000,1,900.000000000000000,100.000000000000000
p_d,L1,2025-05-26 07:00:00,20250526,70000,2025-05-26 08:00:00,8,2025-05-26,0.007781127777778,0.031124511111111,0.031124511111111,15.000000000000000,900.000000000000000,100.000000000000000,1,900.000000000000000,100.000000000000000
p_d,L2,2025-05-26 07:00:00,20250526,70000,2025-05-26 08:00:00,8,2025-05-26,0.010031327777778,0.040125311111111,0.040125311111111,15.000000000000000,900.000000000000000,100.000000000000000,1,900.000000000000000,100.000000000000000
p_d,L3,2025-05-26 07:00:00,20250526,70000,2025-05-26 08:00:00,8,2025-05-26,0.010469966666667,0.041879866666667,0.041879866666667,15.000000000000000,900.000000000000000,100.000000000000000,1,900.000000000000000,100.000000000000000
p_d,ALL,2025-05-26 07:00:00,20250526,70000,2025-05-26 08:00:00,8,2025-05-26,0.028282422222222,0.113129688888889,0.037709896296296,15.000000000000000,900.000000000000000,100.000000000000000,1,900.000000000000000,100.000000000000000
p_d,L1,2025-05-26 07:15:00,20250526,71500,2025-05-26 08:15:00,8,2025-05-26,0.007745211111111,0.030980844444444,0.030980844444444,15.000000000000000,900.000000000000000,100.000000000000000,1,900.000000000000000,100.000000000000000
p_d,L2,2025-05-26 07:15:00,20250526,71500,2025-05-26 08:15:00,8,2025-05-26,0.010119030555556,0.040476122222222,0.040476122222222,15.000000000000000,900.000000000000000,100.000000000000000,1,900.000000000000000,100.000000000000000
p_d,L3,2025-05-26 07:15:00,20250526,71500,2025-05-26 08:15:00,8,2025-05-26,0.010500530555556,0.042002122222222,0.042002122222222,15.000000000000000,900.000000000000000,100.000000000000000,1,900.000000000000000,100.000000000000000
p_d,ALL,2025-05-26 07:15:00,20250526,71500,2025-05-26 08:15:00,8,2025-05-26,0.028364772222222,0.113459088888889,0.037819696296296,15.000000000000000,900.000000000000000,100.000000000000000,1,900.000000000000000,100.000000000000000
p_d,L1,2025-05-26 07:30:00,20250526,73000,2025-05-26 08:30:00,8,2025-05-26,0.007817350000000,0.031269400000000,0.031269400000000,15.000000000000000,900.000000000000000,100.000000000000000,1,900.000000000000000,100.000000000000000
p_d,L2,2025-05-26 07:30:00,20250526,73000,2025-05-26 08:30:00,8,2025-05-26,0.010084875000000,0.040339500000000,0.040339500000000,15.000000000000000,900.000000000000000,100.000000000000000,1,900.000000000000000,100.000000000000000
p_d,L3,2025-05-26 07:30:00,20250526,73000,2025-05-26 08:30:00,8,2025-05-26,0.010598433333333,0.042393733333333,0.042393733333333,15.000000000000000,900.000000000000000,100.000000000000000,1,900.000000000000000,100.000000000000000
p_d,ALL,2025-05-26 07:30:00,20250526,73000,2025-05-26 08:30:00,8,2025-05-26,0.028500658333333,0.114002633333333,0.038000877777778,15.000000000000000,900.000000000000000,100.000000000000000,1,900.000000000000000,100.000000000000000
p_d,L1,2025-05-26 07:45:00,20250526,74500,2025-05-26 08:45:00,8,2025-05-26,0.007893222222222,0.031572888888889,0.031572888888889,15.000000000000000,900.000000000000000,100.000000000000000,1,900.000000000000000,100.000000000000000
p_d,L2,2025-05-26 07:45:00,20250526,74500,2025-05-26 08:45:00,8,2025-05-26,0.010064697222222,0.040258788888889,0.040258788888889,15.000000000000000,900.000000000000000,100.000000000000000,1,900.000000000000000,100.000000000000000
p_d,L3,2025-05-26 07:45:00,20250526,74500,2025-05-26 08:45:00,8,2025-05-26,0.010579394444444,0.042317577777778,0.042317577777778,15.000000000000000,900.000000000000000,100.000000000000000,1,900.000000000000000,100.000000000000000
p_d,ALL,2025-05-26 07:45:00,20250526,74500,2025-05-26 08:45:00,8,2025-05-26,0.028537313888889,0.114149255555555,0.038049751851852,15.000000000000000,900.000000000000000,100.000000000000000,1,900.000000000000000,100.000000000000000
p_d,L1,2025-05-26 08:00:00,20250526,80000,2025-05-26 09:00:00,9,2025-05-26,0.007796491666667,0.031185966666667,0.031185966666667,15.000000000000000,900.000000000000000,100.000000000000000,1,900.000000000000000,100.000000000000000
p_d,L2,2025-05-26 08:00:00,20250526,80000,2025-05-26 09:00:00,9,2025-05-26,0.010007669444444,0.040030677777778,0.040030677777778,15.000000000000000,900.000000000000000,100.000000000000000,1,900.000000000000000,100.000000000000000
p_d,L3,2025-05-26 08:00:00,20250526,80000,2025-05-26 09:00:00,9,2025-05-26,0.010551602777778,0.042206411111111,0.042206411111111,15.000000000000000,900.000000000000000,100.000000000000000,1,900.000000000000000,100.000000000000000
p_d,ALL,2025-05-26 08:00:00,20250526,80000,2025-05-26 09:00:00,9,2025-05-26,0.028355763888889,0.113423055555556,0.037807685185185,15.000000000000000,900.000000000000000,100.000000000000000,1,900.000000000000000,100.000000000000000
p_d,L1,2025-05-26 08:15:00,20250526,81500,2025-05-26 09:15:00,9,2025-05-26,0.007750075000000,0.031000300000000,0.031000300000000,15.000000000000000,900.000000000000000,100.000000000000000,1,900.000000000000000,100.000000000000000
p_d,L2,2025-05-26 08:15:00,20250526,81500,2025-05-26 09:15:00,9,2025-05-26,0.010002066666667,0.040008266666667,0.040008266666667,15.000000000000000,900.000000000000000,100.000000000000000,1,900.000000000000000,100.000000000000000
p_d,L3,2025-05-26 08:15:00,20250526,81500,2025-05-26 09:15:00,9,2025-05-26,0.010601491666667,0.042405966666667,0.042405966666667,15.000000000000000,900.000000000000000,100.000000000000000,1,900.000000000000000,100.000000000000000
p_d,ALL,2025-05-26 08:15:00,20250526,81500,2025-05-26 09:15:00,9,2025-05-26,0.028353633333333,0.113414533333333,0.037804844444444,15.000000000000000,900.000000000000000,100.000000000000000,1,900.000000000000000,100.000000000000000
p_d,L1,2025-05-26 08:30:00,20250526,83000,2025-05-26 09:30:00,9,2025-05-26,0.007757505555556,0.031030022222222,0.031030022222222,15.000000000000000,900.000000000000000,100.000000000000000,1,900.000000000000000,100.000000000000000
p_d,L2,2025-05-26 08:30:00,20250526,83000,2025-05-26 09:30:00,9,2025-05-26,0.009985986111111,0.039943944444444,0.039943944444444,15.000000000000000,900.000000000000000,100.000000000000000,1,900.000000000000000,100.000000000000000
p_d,L3,2025-05-26 08:30:00,20250526,83000,2025-05-26 09:30:00,9,2025-05-26,0.010578569444444,0.042314277777778,0.042314277777778,15.000000000000000,900.000000000000000,100.000000000000000,1,900.000000000000000,100.000000000000000
p_d,ALL,2025-05-26 08:30:00,20250526,83000,2025-05-26 09:30:00,9,2025-05-26,0.028322061111111,0.113288244444444,0.037762748148148,15.000000000000000,900.000000000000000,100.000000000000000,1,900.000000000000000,100.000000000000000
p_d,L1,2025-05-26 08:45:00,20250526,84500,2025-05-26 09:45:00,9,2025-05-26,0.007741152777778,0.030964611111111,0.030964611111111,15.000000000000000,900.000000000000000,100.000000000000000,1,900.000000000000000,100.000000000000000
p_d,L2,2025-05-26 08:45:00,20250526,84500,2025-05-26 09:45:00,9,2025-05-26,0.010038063888889,0.040152255555556,0.040152255555555,15.000000000000000,900.000000000000000,100.000000000000000,1,900.000000000000000,100.000000000000000
p_d,L3,2025-05-26 08:45:00,20250526,84500,2025-05-26 09:45:00,9,2025-05-26,0.010595483333333,0.042381933333333,0.042381933333333,15.000000000000000,900.000000000000000,100.000000000000000,1,900.000000000000000,100.000000000000000
p_d,ALL,2025-05-26 08:45:00,20250526,84500,2025-05-26 09:45:00,9,2025-05-26,0.028374700000000,0.113498800000000,0.037832933333333,15.000000000000000,900.000000000000000,100.000000000000000,1,900.000000000000000,100.000000000000000
p_d,L1,2025-05-26 09:00:00,20250526,90000,2025-05-26 10:00:00,10,2025-05-26,0.007757513888889,0.031030055555556,0.031030055555556,15.000000000000000,900.000000000000000,100.000000000000000,1,900.000000000000000,100.000000000000000
p_d,L2,2025-05-26 09:00:00,20250526,90000,2025-05-26 10:00:00,10,2025-05-26,0.010167175000000,0.040668700000000,0.040668700000000,15.000000000000000,900.000000000000000,100.000000000000000,1,900.000000000000000,100.000000000000000
p_d,L3,2025-05-26 09:00:00,20250526,90000,2025-05-26 10:00:00,10,2025-05-26,0.010711436111111,0.042845744444444,0.042845744444444,15.000000000000000,900.000000000000000,100.000000000000000,1,900.000000000000000,100.000000000000000
p_d,ALL,2025-05-26 09:00:00,20250526,90000,2025-05-26 10:00:00,10,2025-05-26,0.028636125000000,0.114544500000000,0.038181500000000,15.000000000000000,900.000000000000000,100.000000000000000,1,900.000000000000000,100.000000000000000
p_d,L1,2025-05-26 09:15:00,20250526,91500,2025-05-26 10:15:00,10,2025-05-26,0.007754216666667,0.031016866666667,0.031016866666667,15.000000000000000,900.000000000000000,100.000000000000000,1,900.000000000000000,100.000000000000000
p_d,L2,2025-05-26 09:15:00,20250526,91500,2025-05-26 10:15:00,10,2025-05-26,0.010179511111111,0.040718044444444,0.040718044444444,15.000000000000000,900.000000000000000,100.000000000000000,1,900.000000000000000,100.000000000000000
p_d,L3,2025-05-26 09:15:00,20250526,91500,2025-05-26 10:15:00,10,2025-05-26,0.010760883333333,0.043043533333333,0.043043533333333,15.000000000000000,900.000000000000000,100.000000000000000,1,900.000000000000000,100.000000000000000
p_d,ALL,2025-05-26 09:15:00,20250526,91500,2025-05-26 10:15:00,10,2025-05-26,0.028694611111111,0.114778444444444,0.038259481481481,15.000000000000000,900.000000000000000,100.000000000000000,1,900.000000000000000,100.000000000000000
p_d,L1,2025-05-26 09:30:00,20250526,93000,2025-05-26 10:30:00,10,2025-05-26,0.007833319444444,0.031333277777778,0.031333277777778,15.000000000000000,900.000000000000000,100.000000000000000,1,900.000000000000000,100.000000000000000
p_d,L2,2025-05-26 09:30:00,20250526,93000,2025-05-26 10:30:00,10,2025-05-26,0.010078036111111,0.040312144444444,0.040312144444444,15.000000000000000,900.000000000000000,100.000000000000000,1,900.000000000000000,100.000000000000000
p_d,L3,2025-05-26 09:30:00,20250526,93000,2025-05-26 10:30:00,10,2025-05-26,0.010617208333333,0.042468833333333,0.042468833333333,15.000000000000000,900.000000000000000,100.000000000000000,1,900.000000000000000,100.000000000000000
p_d,ALL,2025-05-26 09:30:00,20250526,93000,2025-05-26 10:30:00,10,2025-05-26,0.028528563888889,0.114114255555555,0.038038085185185,15.000000000000000,900.000000000000000,100.000000000000000,1,900.000000000000000,100.000000000000000
p_d,L1,2025-05-26 09:45:00,20250526,94500,2025-05-26 10:45:00,10,2025-05-26,0.007769052777778,0.031076211111111,0.031076211111111,15.000000000000000,900.000000000000000,100.000000000000000,1,900.000000000000000,100.000000000000000
p_d,L2,2025-05-26 09:45:00,20250526,94500,2025-05-26 10:45:00,10,2025-05-26,0.010016788888889,0.040067155555555,0.040067155555555,15.000000000000000,900.000000000000000,100.000000000000000,1,900.000000000000000,100.000000000000000
p_d,L3,2025-05-26 09:45:00,20250526,94500,2025-05-26 10:45:00,10,2025-05-26,0.010483358333333,0.041933433333333,0.041933433333333,15.000000000000000,900.000000000000000,100.000000000000000,1,900.000000000000000,100.000000000000000
p_d,ALL,2025-05-26 09:45:00,20250526,94500,2025-05-26 10:45:00,10,2025-05-26,0.028269200000000,0.113076800000000,0.037692266666667,15.000000000000000,900.000000000000000,100.000000000000000,1,900.000000000000000,100.000000000000000
p_d,L1,2025-05-26 10:00:00,20250526,100000,2025-05-26 11:00:00,11,2025-05-26,0.007819605555556,0.031278422222222,0.031278422222222,15.000000000000000,900.000000000000000,100.000000000000000,1,900.000000000000000,100.000000000000000
p_d,L2,2025-05-26 10:00:00,20250526,100000,2025-05-26 11:00:00,11,2025-05-26,0.009992938888889,0.039971755555555,0.039971755555555,15.000000000000000,900.000000000000000,100.000000000000000,1,900.000000000000000,100.000000000000000
p_d,L3,2025-05-26 10:00:00,20250526,100000,2025-05-26 11:00:00,11,2025-05-26,0.010529761111111,0.042119044444444,0.042119044444444,15.000000000000000,900.000000000000000,100.000000000000000,1,900.000000000000000,100.000000000000000
p_d,ALL,2025-05-26 10:00:00,20250526,100000,2025-05-26 11:00:00,11,2025-05-26,0.028342305555556,0.113369222222222,0.037789740740741,15.000000000000000,900.000000000000000,100.000000000000000,1,900.000000000000000,100.000000000000000
p_d,L1,2025-05-26 10:15:00,20250526,101500,2025-05-26 11:15:00,11,2025-05-26,0.007766769444444,0.031067077777778,0.031067077777778,15.000000000000000,900.000000000000000,100.000000000000000,1,900.000000000000000,100.000000000000000
p_d,L2,2025-05-26 10:15:00,20250526,101500,2025-05-26 11:15:00,11,2025-05-26,0.010031116666667,0.040124466666667,0.040124466666667,15.000000000000000,900.000000000000000,100.000000000000000,1,900.000000000000000,100.000000000000000
p_d,L3,2025-05-26 10:15:00,20250526,101500,2025-05-26 11:15:00,11,2025-05-26,0.010561994444444,0.042247977777778,0.042247977777778,15.000000000000000,900.000000000000000,100.000000000000000,1,900.000000000000000,100.000000000000000
p_d,ALL,2025-05-26 10:15:00,20250526,101500,2025-05-26 11:15:00,11,2025-05-26,0.028359880555556,0.113439522222222,0.037813174074074,15.000000000000000,900.000000000000000,100.000000000000000,1,900.000000000000000,100.000000000000000
p_d,L1,2025-05-26 10:30:00,20250526,103000,2025-05-26 11:30:00,11,2025-05-26,0.007788711111111,0.031154844444444,0.031154844444444,15.000000000000000,900.000000000000000,100.000000000000000,1,900.000000000000000,100.000000000000000
p_d,L2,2025-05-26 10:30:00,20250526,103000,2025-05-26 11:30:00,11,2025-05-26,0.009988063888889,0.039952255555555,0.039952255555555,15.000000000000000,900.000000000000000,100.000000000000000,1,900.000000000000000,100.000000000000000
p_d,L3,2025-05-26 10:30:00,20250526,103000,2025-05-26 11:30:00,11,2025-05-26,0.010518336111111,0.042073344444444,0.042073344444444,15.000000000000000,900.000000000000000,100.000000000000000,1,900.000000000000000,100.000000000000000
p_d,ALL,2025-05-26 10:30:00,20250526,103000,2025-05-26 11:30:00,11,2025-05-26,0.028295111111111,0.113180444444444,0.037726814814815,15.000000000000000,900.000000000000000,100.000000000000000,1,900.000000000000000,100.000000000000000
p_d,L1,2025-05-26 10:45:00,20250526,104500,2025-05-26 11:45:00,11,2025-05-26,0.007696408333333,0.030785633333333,0.030785633333333,15.000000000000000,900.000000000000000,100.000000000000000,1,900.000000000000000,100.000000000000000
p_d,L2,2025-05-26 10:45:00,20250526,104500,2025-05-26 11:45:00,11,2025-05-26,0.009920763888889,0.039683055555555,0.039683055555555,15.000000000000000,900.000000000000000,100.000000000000000,1,900.000000000000000,100.000000000000000
p_d,L3,2025-05-26 10:45:00,20250526,104500,2025-05-26 11:45:00,11,2025-05-26,0.010439525000000,0.041758100000000,0.041758100000000,15.000000000000000,900.000000000000000,100.000000000000000,1,900.000000000000000,100.000000000000000
p_d,ALL,2025-05-26 10:45:00,20250526,104500,2025-05-26 11:45:00,11,2025-05-26,0.028056697222222,0.112226788888889,0.037408929629630,15.000000000000000,900.000000000000000,100.000000000000000,1,900.000000000000000,100.000000000000000
p_d,L1,2025-05-26 11:00:00,20250526,110000,2025-05-26 12:00:00,12,2025-05-26,0.007790802777778,0.031163211111111,0.031163211111111,15.000000000000000,900.000000000000000,100.000000000000000,1,900.000000000000000,100.000000000000000
p_d,L2,2025-05-26 11:00:00,20250526,110000,2025-05-26 12:00:00,12,2025-05-26,0.009929330555556,0.039717322222222,0.039717322222222,15.000000000000000,900.000000000000000,100.000000000000000,1,900.000000000000000,100.000000000000000
p_d,L3,2025-05-26 11:00:00,20250526,110000,2025-05-26 12:00:00,12,2025-05-26,0.010523938888889,0.042095755555556,0.042095755555555,15.000000000000000,900.000000000000000,100.000000000000000,1,900.000000000000000,100.000000000000000
p_d,ALL,2025-05-26 11:00:00,20250526,110000,2025-05-26 12:00:00,12,2025-05-26,0.028244072222222,0.112976288888889,0.037658762962963,15.000000000000000,900.000000000000000,100.000000000000000,1,900.000000000000000,100.000000000000000
p_d,L1,2025-05-26 11:15:00,20250526,111500,2025-05-26 12:15:00,12,2025-05-26,0.007796847222222,0.031187388888889,0.031187388888889,15.000000000000000,900.000000000000000,100.000000000000000,1,900.000000000000000,100.000000000000000
p_d,L2,2025-05-26 11:15:00,20250526,111500,2025-05-26 12:15:00,12,2025-05-26,0.009942716666667,0.039770866666667,0.039770866666667,15.000000000000000,900.000000000000000,100.000000000000000,1,900.000000000000000,100.000000000000000
p_d,L3,2025-05-26 11:15:00,20250526,111500,2025-05-26 12:15:00,12,2025-05-26,0.010468483333333,0.041873933333333,0.041873933333333,15.000000000000000,900.000000000000000,100.000000000000000,1,900.000000000000000,100.000000000000000
p_d,ALL,2025-05-26 11:15:00,20250526,111500,2025-05-26 12:15:00,12,2025-05-26,0.028208047222222,0.112832188888889,0.037610729629630,15.000000000000000,900.000000000000000,100.000000000000000,1,900.000000000000000,100.000000000000000
p_d,L1,2025-05-26 11:30:00,20250526,113000,2025-05-26 12:30:00,12,2025-05-26,0.007824980555556,0.031299922222222,0.031299922222222,15.000000000000000,900.000000000000000,100.000000000000000,1,900.000000000000000,100.000000000000000
p_d,L2,2025-05-26 11:30:00,20250526,113000,2025-05-26 12:30:00,12,2025-05-26,0.009929252777778,0.039717011111111,0.039717011111111,15.000000000000000,900.000000000000000,100.000000000000000,1,900.000000000000000,100.000000000000000
p_d,L3,2025-05-26 11:30:00,20250526,113000,2025-05-26 12:30:00,12,2025-05-26,0.010475286111111,0.041901144444444,0.041901144444444,15.000000000000000,900.000000000000000,100.000000000000000,1,900.000000000000000,100.000000000000000
p_d,ALL,2025-05-26 11:30:00,20250526,113000,2025-05-26 12:30:00,12,2025-05-26,0.028229519444444,0.112918077777778,0.037639359259259,15.000000000000000,900.000000000000000,100.000000000000000,1,900.000000000000000,100.000000000000000
p_d,L1,2025-05-26 11:45:00,20250526,114500,2025-05-26 12:45:00,12,2025-05-26,0.007845483333333,0.031381933333333,0.031381933333333,15.000000000000000,900.000000000000000,100.000000000000000,1,900.000000000000000,100.000000000000000
p_d,L2,2025-05-26 11:45:00,20250526,114500,2025-05-26 12:45:00,12,2025-05-26,0.010060269444444,0.040241077777778,0.040241077777778,15.000000000000000,900.000000000000000,100.000000000000000,1,900.000000000000000,100.000000000000000
p_d,L3,2025-05-26 11:45:00,20250526,114500,2025-05-26 12:45:00,12,2025-05-26,0.010560202777778,0.042240811111111,0.042240811111111,15.000000000000000,900.000000000000000,100.000000000000000,1,900.000000000000000,100.000000000000000
p_d,ALL,2025-05-26 11:45:00,20250526,114500,2025-05-26 12:45:00,12,2025-05-26,0.028465955555556,0.113863822222222,0.037954607407407,15.000000000000000,900.000000000000000,100.000000000000000,1,900.000000000000000,100.000000000000000
p_d,L1,2025-05-26 12:00:00,20250526,120000,2025-05-26 13:00:00,13,2025-05-26,0.007965675000000,0.031862700000000,0.031862700000000,15.000000000000000,900.000000000000000,100.000000000000000,1,900.000000000000000,100.000000000000000
p_d,L2,2025-05-26 12:00:00,20250526,120000,2025-05-26 13:00:00,13,2025-05-26,0.010382625000000,0.041530500000000,0.041530500000000,15.000000000000000,900.000000000000000,100.000000000000000,1,900.000000000000000,100.000000000000000
p_d,L3,2025-05-26 12:00:00,20250526,120000,2025-05-26 13:00:00,13,2025-05-26,0.010947222222222,0.043788888888889,0.043788888888889,15.000000000000000,900.000000000000000,100.000000000000000,1,900.000000000000000,100.000000000000000
p_d,ALL,2025-05-26 12:00:00,20250526,120000,2025-05-26 13:00:00,13,2025-05-26,0.029295522222222,0.117182088888889,0.039060696296296,15.000000000000000,900.000000000000000,100.000000000000000,1,900.000000000000000,100.000000000000000
p_d,L1,2025-05-26 12:15:00,20250526,121500,2025-05-26 13:15:00,13,2025-05-26,0.007996308333333,0.031985233333333,0.031985233333333,15.000000000000000,900.000000000000000,100.000000000000000,1,900.000000000000000,100.000000000000000
p_d,L2,2025-05-26 12:15:00,20250526,121500,2025-05-26 13:15:00,13,2025-05-26,0.010514847222222,0.042059388888889,0.042059388888889,15.000000000000000,900.000000000000000,100.000000000000000,1,900.000000000000000,100.000000000000000
p_d,L3,2025-05-26 12:15:00,20250526,121500,2025-05-26 13:15:00,13,2025-05-26,0.011270747222222,0.045082988888889,0.045082988888889,15.000000000000000,900.000000000000000,100.000000000000000,1,900.000000000000000,100.000000000000000
p_d,ALL,2025-05-26 12:15:00,20250526,121500,2025-05-26 13:15:00,13,2025-05-26,0.029781902777778,0.119127611111111,0.039709203703704,15.000000000000000,900.000000000000000,100.000000000000000,1,900.000000000000000,100.000000000000000
p_d,L1,2025-05-26 12:30:00,20250526,123000,2025-05-26 13:30:00,13,2025-05-26,0.007930347222222,0.031721388888889,0.031721388888889,15.000000000000000,900.000000000000000,100.000000000000000,1,900.000000000000000,100.000000000000000
p_d,L2,2025-05-26 12:30:00,20250526,123000,2025-05-26 13:30:00,13,2025-05-26,0.010280305555556,0.041121222222222,0.041121222222222,15.000000000000000,900.000000000000000,100.000000000000000,1,900.000000000000000,100.000000000000000
p_d,L3,2025-05-26 12:30:00,20250526,123000,2025-05-26 13:30:00,13,2025-05-26,0.010966708333333,0.043866833333333,0.043866833333333,15.000000000000000,900.000000000000000,100.000000000000000,1,900.000000000000000,100.000000000000000
p_d,ALL,2025-05-26 12:30:00,20250526,123000,2025-05-26 13:30:00,13,2025-05-26,0.029177361111111,0.116709444444445,0.038903148148148,15.000000000000000,900.000000000000000,100.000000000000000,1,900.000000000000000,100.000000000000000
p_d,L1,2025-05-26 12:45:00,20250526,124500,2025-05-26 13:45:00,13,2025-05-26,0.007893430555556,0.031573722222222,0.031573722222222,15.000000000000000,900.000000000000000,100.000000000000000,1,900.000000000000000,100.000000000000000
p_d,L2,2025-05-26 12:45:00,20250526,124500,2025-05-26 13:45:00,13,2025-05-26,0.010163625000000,0.040654500000000,0.040654500000000,15.000000000000000,900.000000000000000,100.000000000000000,1,900.000000000000000,100.000000000000000
p_d,L3,2025-05-26 12:45:00,20250526,124500,2025-05-26 13:45:00,13,2025-05-26,0.010684675000000,0.042738700000000,0.042738700000000,15.000000000000000,900.000000000000000,100.000000000000000,1,900.000000000000000,100.000000000000000
p_d,ALL,2025-05-26 12:45:00,20250526,124500,2025-05-26 13:45:00,13,2025-05-26,0.028741730555556,0.114966922222222,0.038322307407407,15.000000000000000,900.000000000000000,100.000000000000000,1,900.000000000000000,100.000000000000000
p_d,L1,2025-05-26 13:00:00,20250526,130000,2025-05-26 14:00:00,14,2025-05-26,0.007925091666667,0.031700366666667,0.031700366666667,15.000000000000000,900.000000000000000,100.000000000000000,1,900.000000000000000,100.000000000000000
p_d,L2,2025-05-26 13:00:00,20250526,130000,2025-05-26 14:00:00,14,2025-05-26,0.010220869444444,0.040883477777778,0.040883477777778,15.000000000000000,900.000000000000000,100.000000000000000,1,900.000000000000000,100.000000000000000
p_d,L3,2025-05-26 13:00:00,20250526,130000,2025-05-26 14:00:00,14,2025-05-26,0.010797947222222,0.043191788888889,0.043191788888889,15.000000000000000,900.000000000000000,100.000000000000000,1,900.000000000000000,100.000000000000000
p_d,ALL,2025-05-26 13:00:00,20250526,130000,2025-05-26 14:00:00,14,2025-05-26,0.028943908333333,0.115775633333333,0.038591877777778,15.000000000000000,900.000000000000000,100.000000000000000,1,900.000000000000000,100.000000000000000
p_d,L1,2025-05-26 13:15:00,20250526,131500,2025-05-26 14:15:00,14,2025-05-26,0.007939513888889,0.031758055555556,0.031758055555556,15.000000000000000,900.000000000000000,100.000000000000000,1,900.000000000000000,100.000000000000000
p_d,L2,2025-05-26 13:15:00,20250526,131500,2025-05-26 14:15:00,14,2025-05-26,0.010130613888889,0.040522455555556,0.040522455555555,15.000000000000000,900.000000000000000,100.000000000000000,1,900.000000000000000,100.000000000000000
p_d,L3,2025-05-26 13:15:00,20250526,131500,2025-05-26 14:15:00,14,2025-05-26,0.010630058333333,0.042520233333333,0.042520233333333,15.000000000000000,900.000000000000000,100.000000000000000,1,900.000000000000000,100.000000000000000
p_d,ALL,2025-05-26 13:15:00,20250526,131500,2025-05-26 14:15:00,14,2025-05-26,0.028700186111111,0.114800744444445,0.038266914814815,15.000000000000000,900.000000000000000,100.000000000000000,1,900.000000000000000,100.000000000000000
p_d,L1,2025-05-26 13:30:00,20250526,133000,2025-05-26 14:30:00,14,2025-05-26,0.007922736111111,0.031690944444444,0.031690944444444,15.000000000000000,900.000000000000000,100.000000000000000,1,900.000000000000000,100.000000000000000
p_d,L2,2025-05-26 13:30:00,20250526,133000,2025-05-26 14:30:00,14,2025-05-26,0.010153891666667,0.040615566666667,0.040615566666667,15.000000000000000,900.000000000000000,100.000000000000000,1,900.000000000000000,100.000000000000000
p_d,L3,2025-05-26 13:30:00,20250526,133000,2025-05-26 14:30:00,14,2025-05-26,0.010683491666667,0.042733966666667,0.042733966666667,15.000000000000000,900.000000000000000,100.000000000000000,1,900.000000000000000,100.000000000000000
p_d,ALL,2025-05-26 13:30:00,20250526,133000,2025-05-26 14:30:00,14,2025-05-26,0.028760119444444,0.115040477777778,0.038346825925926,15.000000000000000,900.000000000000000,100.000000000000000,1,900.000000000000000,100.000000000000000
p_d,L1,2025-05-26 13:45:00,20250526,134500,2025-05-26 14:45:00,14,2025-05-26,0.007856416666667,0.031425666666667,0.031425666666667,15.000000000000000,900.000000000000000,100.000000000000000,1,900.000000000000000,100.000000000000000
p_d,L2,2025-05-26 13:45:00,20250526,134500,2025-05-26 14:45:00,14,2025-05-26,0.010117555555556,0.040470222222222,0.040470222222222,15.000000000000000,900.000000000000000,100.000000000000000,1,900.000000000000000,100.000000000000000
p_d,L3,2025-05-26 13:45:00,20250526,134500,2025-05-26 14:45:00,14,2025-05-26,0.010639730555556,0.042558922222222,0.042558922222222,15.000000000000000,900.000000000000000,100.000000000000000,1,900.000000000000000,100.000000000000000
p_d,ALL,2025-05-26 13:45:00,20250526,134500,2025-05-26 14:45:00,14,2025-05-26,0.028613702777778,0.114454811111111,0.038151603703704,15.000000000000000,900.000000000000000,100.000000000000000,1,900.000000000000000,100.000000000000000
p_d,L1,2025-05-26 14:00:00,20250526,140000,2025-05-26 15:00:00,15,2025-05-26,0.007890322222222,0.031561288888889,0.031561288888889,15.000000000000000,900.000000000000000,100.000000000000000,1,900.000000000000000,100.000000000000000
p_d,L2,2025-05-26 14:00:00,20250526,140000,2025-05-26 15:00:00,15,2025-05-26,0.010132261111111,0.040529044444444,0.040529044444444,15.000000000000000,900.000000000000000,100.000000000000000,1,900.000000000000000,100.000000000000000
p_d,L3,2025-05-26 14:00:00,20250526,140000,2025-05-26 15:00:00,15,2025-05-26,0.010683847222222,0.042735388888889,0.042735388888889,15.000000000000000,900.000000000000000,100.000000000000000,1,900.000000000000000,100.000000000000000
p_d,ALL,2025-05-26 14:00:00,20250526,140000,2025-05-26 15:00:00,15,2025-05-26,0.028706430555556,0.114825722222222,0.038275240740741,15.000000000000000,900.000000000000000,100.000000000000000,1,900.000000000000000,100.000000000000000
p_d,L1,2025-05-26 14:15:00,20250526,141500,2025-05-26 15:15:00,15,2025-05-26,0.007861272222222,0.031445088888889,0.031445088888889,15.000000000000000,900.000000000000000,100.000000000000000,1,900.000000000000000,100.000000000000000
p_d,L2,2025-05-26 14:15:00,20250526,141500,2025-05-26 15:15:00,15,2025-05-26,0.010135086111111,0.040540344444444,0.040540344444444,15.000000000000000,900.000000000000000,100.000000000000000,1,900.000000000000000,100.000000000000000
p_d,L3,2025-05-26 14:15:00,20250526,141500,2025-05-26 15:15:00,15,2025-05-26,0.010680783333333,0.042723133333333,0.042723133333333,15.000000000000000,900.000000000000000,100.000000000000000,1,900.000000000000000,100.000000000000000
p_d,ALL,2025-05-26 14:15:00,20250526,141500,2025-05-26 15:15:00,15,2025-05-26,0.028677141666667,0.114708566666667,0.038236188888889,15.000000000000000,900.000000000000000,100.000000000000000,1,900.000000000000000,100.000000000000000
p_d,L1,2025-05-26 14:30:00,20250526,143000,2025-05-26 15:30:00,15,2025-05-26,0.007957194444444,0.031828777777778,0.031828777777778,15.000000000000000,900.000000000000000,100.000000000000000,1,900.000000000000000,100.000000000000000
p_d,L2,2025-05-26 14:30:00,20250526,143000,2025-05-26 15:30:00,15,2025-05-26,0.010077652777778,0.040310611111111,0.040310611111111,15.000000000000000,900.000000000000000,100.000000000000000,1,900.000000000000000,100.000000000000000
p_d,L3,2025-05-26 14:30:00,20250526,143000,2025-05-26 15:30:00,15,2025-05-26,0.010698241666667,0.042792966666667,0.042792966666667,15.000000000000000,900.000000000000000,100.000000000000000,1,900.000000000000000,100.000000000000000
p_d,ALL,2025-05-26 14:30:00,20250526,143000,2025-05-26 15:30:00,15,2025-05-26,0.028733088888889,0.114932355555556,0.038310785185185,15.000000000000000,900.000000000000000,100.000000000000000,1,900.000000000000000,100.000000000000000
p_d,L1,2025-05-26 14:45:00,20250526,144500,2025-05-26 15:45:00,15,2025-05-26,0.007859305555556,0.031437222222222,0.031437222222222,15.000000000000000,900.000000000000000,100.000000000000000,1,900.000000000000000,100.000000000000000
p_d,L2,2025-05-26 14:45:00,20250526,144500,2025-05-26 15:45:00,15,2025-05-26,0.010054088888889,0.040216355555556,0.040216355555556,15.000000000000000,900.000000000000000,100.000000000000000,1,900.000000000000000,100.000000000000000
p_d,L3,2025-05-26 14:45:00,20250526,144500,2025-05-26 15:45:00,15,2025-05-26,0.010637297222222,0.042549188888889,0.042549188888889,15.000000000000000,900.000000000000000,100.000000000000000,1,900.000000000000000,100.000000000000000
p_d,ALL,2025-05-26 14:45:00,20250526,144500,2025-05-26 15:45:00,15,2025-05-26,0.028550691666667,0.114202766666667,0.038067588888889,15.000000000000000,900.000000000000000,100.000000000000000,1,900.000000000000000,100.000000000000000
p_d,L1,2025-05-26 15:00:00,20250526,150000,2025-05-26 16:00:00,16,2025-05-26,0.007920183333333,0.031680733333333,0.031680733333333,15.000000000000000,900.000000000000000,100.000000000000000,1,900.000000000000000,100.000000000000000
p_d,L2,2025-05-26 15:00:00,20250526,150000,2025-05-26 16:00:00,16,2025-05-26,0.010075108333333,0.040300433333333,0.040300433333333,15.000000000000000,900.000000000000000,100.000000000000000,1,900.000000000000000,100.000000000000000
p_d,L3,2025-05-26 15:00:00,20250526,150000,2025-05-26 16:00:00,16,2025-05-26,0.010690961111111,0.042763844444445,0.042763844444444,15.000000000000000,900.000000000000000,100.000000000000000,1,900.000000000000000,100.000000000000000
p_d,ALL,2025-05-26 15:00:00,20250526,150000,2025-05-26 16:00:00,16,2025-05-26,0.028686252777778,0.114745011111111,0.038248337037037,15.000000000000000,900.000000000000000,100.000000000000000,1,900.000000000000000,100.000000000000000
p_d,L1,2025-05-26 15:15:00,20250526,151500,2025-05-26 16:15:00,16,2025-05-26,0.007858819444444,0.031435277777778,0.031435277777778,15.000000000000000,900.000000000000000,100.000000000000000,1,900.000000000000000,100.000000000000000
p_d,L2,2025-05-26 15:15:00,20250526,151500,2025-05-26 16:15:00,16,2025-05-26,0.009979386111111,0.039917544444444,0.039917544444444,15.000000000000000,900.000000000000000,100.000000000000000,1,900.000000000000000,100.000000000000000
p_d,L3,2025-05-26 15:15:00,20250526,151500,2025-05-26 16:15:00,16,2025-05-26,0.010690686111111,0.042762744444444,0.042762744444444,15.000000000000000,900.000000000000000,100.000000000000000,1,900.000000000000000,100.000000000000000
p_d,ALL,2025-05-26 15:15:00,20250526,151500,2025-05-26 16:15:00,16,2025-05-26,0.028528891666667,0.114115566666667,0.038038522222222,15.000000000000000,900.000000000000000,100.000000000000000,1,900.000000000000000,100.000000000000000
p_d,L1,2025-05-26 15:30:00,20250526,153000,2025-05-26 16:30:00,16,2025-05-26,0.007873488888889,0.031493955555556,0.031493955555556,15.000000000000000,900.000000000000000,100.000000000000000,1,900.000000000000000,100.000000000000000
p_d,L2,2025-05-26 15:30:00,20250526,153000,2025-05-26 16:30:00,16,2025-05-26,0.010143269444444,0.040573077777778,0.040573077777778,15.000000000000000,900.000000000000000,100.000000000000000,1,900.000000000000000,100.000000000000000
p_d,L3,2025-05-26 15:30:00,20250526,153000,2025-05-26 16:30:00,16,2025-05-26,0.010920252777778,0.043681011111111,0.043681011111111,15.000000000000000,900.000000000000000,100.000000000000000,1,900.000000000000000,100.000000000000000
p_d,ALL,2025-05-26 15:30:00,20250526,153000,2025-05-26 16:30:00,16,2025-05-26,0.028937011111111,0.115748044444444,0.038582681481481,15.000000000000000,900.000000000000000,100.000000000000000,1,900.000000000000000,100.000000000000000
p_d,L1,2025-05-26 15:45:00,20250526,154500,2025-05-26 16:45:00,16,2025-05-26,0.007851283333333,0.031405133333333,0.031405133333333,15.000000000000000,900.000000000000000,100.000000000000000,1,900.000000000000000,100.000000000000000
p_d,L2,2025-05-26 15:45:00,20250526,154500,2025-05-26 16:45:00,16,2025-05-26,0.010187036111111,0.040748144444444,0.040748144444444,15.000000000000000,900.000000000000000,100.000000000000000,1,900.000000000000000,100.000000000000000
p_d,L3,2025-05-26 15:45:00,20250526,154500,2025-05-26 16:45:00,16,2025-05-26,0.010902352777778,0.043609411111111,0.043609411111111,15.000000000000000,900.000000000000000,100.000000000000000,1,900.000000000000000,100.000000000000000
p_d,ALL,2025-05-26 15:45:00,20250526,154500,2025-05-26 16:45:00,16,2025-05-26,0.028940672222222,0.115762688888889,0.038587562962963,15.000000000000000,900.000000000000000,100.000000000000000,1,900.000000000000000,100.000000000000000
p_d,L1,2025-05-26 16:00:00,20250526,160000,2025-05-26 17:00:00,17,2025-05-26,0.007917341666667,0.031669366666667,0.031669366666667,15.000000000000000,900.000000000000000,100.000000000000000,1,900.000000000000000,100.000000000000000
p_d,L2,2025-05-26 16:00:00,20250526,160000,2025-05-26 17:00:00,17,2025-05-26,0.010250813888889,0.041003255555556,0.041003255555555,15.000000000000000,900.000000000000000,100.000000000000000,1,900.000000000000000,100.000000000000000
p_d,L3,2025-05-26 16:00:00,20250526,160000,2025-05-26 17:00:00,17,2025-05-26,0.010984541666667,0.043938166666667,0.043938166666667,15.000000000000000,900.000000000000000,100.000000000000000,1,900.000000000000000,100.000000000000000
p_d,ALL,2025-05-26 16:00:00,20250526,160000,2025-05-26 17:00:00,17,2025-05-26,0.029152697222222,0.116610788888889,0.038870262962963,15.000000000000000,900.000000000000000,100.000000000000000,1,900.000000000000000,100.000000000000000
p_d,L1,2025-05-26 16:15:00,20250526,161500,2025-05-26 17:15:00,17,2025-05-26,0.007959677777778,0.031838711111111,0.031838711111111,15.000000000000000,900.000000000000000,100.000000000000000,1,900.000000000000000,100.000000000000000
p_d,L2,2025-05-26 16:15:00,20250526,161500,2025-05-26 17:15:00,17,2025-05-26,0.010382641666667,0.041530566666667,0.041530566666667,15.000000000000000,900.000000000000000,100.000000000000000,1,900.000000000000000,100.000000000000000
p_d,L3,2025-05-26 16:15:00,20250526,161500,2025-05-26 17:15:00,17,2025-05-26,0.011135300000000,0.044541200000000,0.044541200000000,15.000000000000000,900.000000000000000,100.000000000000000,1,900.000000000000000,100.000000000000000
p_d,ALL,2025-05-26 16:15:00,20250526,161500,2025-05-26 17:15:00,17,2025-05-26,0.029477619444444,0.117910477777778,0.039303492592593,15.000000000000000,900.000000000000000,100.000000000000000,1,900.000000000000000,100.000000000000000
p_d,L1,2025-05-26 16:30:00,20250526,163000,2025-05-26 17:30:00,17,2025-05-26,0.007914402777778,0.031657611111111,0.031657611111111,15.000000000000000,900.000000000000000,100.000000000000000,1,900.000000000000000,100.000000000000000
p_d,L2,2025-05-26 16:30:00,20250526,163000,2025-05-26 17:30:00,17,2025-05-26,0.010343700000000,0.041374800000000,0.041374800000000,15.000000000000000,900.000000000000000,100.000000000000000,1,900.000000000000000,100.000000000000000
p_d,L3,2025-05-26 16:30:00,20250526,163000,2025-05-26 17:30:00,17,2025-05-26,0.011001702777778,0.044006811111111,0.044006811111111,15.000000000000000,900.000000000000000,100.000000000000000,1,900.000000000000000,100.000000000000000
p_d,ALL,2025-05-26 16:30:00,20250526,163000,2025-05-26 17:30:00,17,2025-05-26,0.029259805555556,0.117039222222222,0.039013074074074,15.000000000000000,900.000000000000000,100.000000000000000,1,900.000000000000000,100.000000000000000
p_d,L1,2025-05-26 16:45:00,20250526,164500,2025-05-26 17:45:00,17,2025-05-26,0.682416383333334,2.729665533333335,2.729665533333332,15.000000000000000,900.000000000000000,100.000000000000000,1,900.000000000000000,100.000000000000000
p_d,L2,2025-05-26 16:45:00,20250526,164500,2025-05-26 17:45:00,17,2025-05-26,0.598930272222222,2.395721088888889,2.395721088888889,15.000000000000000,900.000000000000000,100.000000000000000,1,900.000000000000000,100.000000000000000
p_d,L3,2025-05-26 16:45:00,20250526,164500,2025-05-26 17:45:00,17,2025-05-26,0.573930605555556,2.295722422222222,2.295722422222222,15.000000000000000,900.000000000000000,100.000000000000000,1,900.000000000000000,100.000000000000000
p_d,ALL,2025-05-26 16:45:00,20250526,164500,2025-05-26 17:45:00,17,2025-05-26,1.855277261111111,7.421109044444446,2.473703014814815,15.000000000000000,900.000000000000000,100.000000000000000,1,900.000000000000000,100.000000000000000
p_d,L1,2025-05-26 17:00:00,20250526,170000,2025-05-26 18:00:00,18,2025-05-26,2.698917330555557,10.795669322222228,10.795669322222221,15.000000000000000,900.000000000000000,100.000000000000000,1,900.000000000000000,100.000000000000000
p_d,L2,2025-05-26 17:00:00,20250526,170000,2025-05-26 18:00:00,18,2025-05-26,2.358319869444443,9.433279477777772,9.433279477777779,15.000000000000000,900.000000000000000,100.000000000000000,1,900.000000000000000,100.000000000000000
p_d,L3,2025-05-26 17:00:00,20250526,170000,2025-05-26 18:00:00,18,2025-05-26,2.225998577777775,8.903994311111100,8.903994311111109,15.000000000000000,900.000000000000000,100.000000000000000,1,900.000000000000000,100.000000000000000
p_d,ALL,2025-05-26 17:00:00,20250526,170000,2025-05-26 18:00:00,18,2025-05-26,7.283235777777775,29.132943111111100,9.710981037037035,15.000000000000000,900.000000000000000,100.000000000000000,1,900.000000000000000,100.000000000000000
p_d,L1,2025-05-26 17:15:00,20250526,171500,2025-05-26 18:15:00,18,2025-05-26,2.697776030555555,10.791104122222219,10.791104122222221,15.000000000000000,900.000000000000000,100.000000000000000,1,900.000000000000000,100.000000000000000
p_d,L2,2025-05-26 17:15:00,20250526,171500,2025-05-26 18:15:00,18,2025-05-26,2.360999413888889,9.443997655555558,9.443997655555556,15.000000000000000,900.000000000000000,100.000000000000000,1,900.000000000000000,100.000000000000000
p_d,L3,2025-05-26 17:15:00,20250526,171500,2025-05-26 18:15:00,18,2025-05-26,2.228499291666665,8.913997166666661,8.913997166666666,15.000000000000000,900.000000000000000,100.000000000000000,1,900.000000000000000,100.000000000000000
p_d,ALL,2025-05-26 17:15:00,20250526,171500,2025-05-26 18:15:00,18,2025-05-26,7.287274736111109,29.149098944444436,9.716366314814815,15.000000000000000,900.000000000000000,100.000000000000000,1,900.000000000000000,100.000000000000000
p_d,L1,2025-05-26 17:30:00,20250526,173000,2025-05-26 18:30:00,18,2025-05-26,2.697614249999999,10.790456999999996,10.790457000000000,15.000000000000000,900.000000000000000,100.000000000000000,1,900.000000000000000,100.000000000000000
p_d,L2,2025-05-26 17:30:00,20250526,173000,2025-05-26 18:30:00,18,2025-05-26,2.359990797222222,9.439963188888887,9.439963188888894,15.000000000000000,900.000000000000000,100.000000000000000,1,900.000000000000000,100.000000000000000
p_d,L3,2025-05-26 17:30:00,20250526,173000,2025-05-26 18:30:00,18,2025-05-26,2.227711452777778,8.910845811111113,8.910845811111116,15.000000000000000,900.000000000000000,100.000000000000000,1,900.000000000000000,100.000000000000000
p_d,ALL,2025-05-26 17:30:00,20250526,173000,2025-05-26 18:30:00,18,2025-05-26,7.285316499999999,29.141265999999995,9.713755333333337,15.000000000000000,900.000000000000000,100.000000000000000,1,900.000000000000000,100.000000000000000
p_d,L1,2025-05-26 17:45:00,20250526,174500,2025-05-26 18:45:00,18,2025-05-26,2.703268430555555,10.813073722222221,10.813073722222223,15.000000000000000,900.000000000000000,100.000000000000000,1,900.000000000000000,100.000000000000000
p_d,L2,2025-05-26 17:45:00,20250526,174500,2025-05-26 18:45:00,18,2025-05-26,2.361445002777779,9.445780011111117,9.445780011111109,15.000000000000000,900.000000000000000,100.000000000000000,1,900.000000000000000,100.000000000000000
p_d,L3,2025-05-26 17:45:00,20250526,174500,2025-05-26 18:45:00,18,2025-05-26,2.227027724999998,8.908110899999993,8.908110900000004,15.000000000000000,900.000000000000000,100.000000000000000,1,900.000000000000000,100.000000000000000
p_d,ALL,2025-05-26 17:45:00,20250526,174500,2025-05-26 18:45:00,18,2025-05-26,7.291741158333332,29.166964633333329,9.722321544444446,15.000000000000000,900.000000000000000,100.000000000000000,1,900.000000000000000,100.000000000000000
p_d,L1,2025-05-26 18:00:00,20250526,180000,2025-05-26 19:00:00,19,2025-05-26,2.709715197222223,10.838860788888891,10.838860788888898,15.000000000000000,900.000000000000000,100.000000000000000,1,900.000000000000000,100.000000000000000
p_d,L2,2025-05-26 18:00:00,20250526,180000,2025-05-26 19:00:00,19,2025-05-26,2.368569750000000,9.474278999999999,9.474279000000006,15.000000000000000,900.000000000000000,100.000000000000000,1,900.000000000000000,100.000000000000000
p_d,L3,2025-05-26 18:00:00,20250526,180000,2025-05-26 19:00:00,19,2025-05-26,2.231701674999999,8.926806699999995,8.926806700000002,15.000000000000000,900.000000000000000,100.000000000000000,1,900.000000000000000,100.000000000000000
p_d,ALL,2025-05-26 18:00:00,20250526,180000,2025-05-26 19:00:00,19,2025-05-26,7.309986622222221,29.239946488888883,9.746648829629635,15.000000000000000,900.000000000000000,100.000000000000000,1,900.000000000000000,100.000000000000000
p_d,L1,2025-05-26 18:15:00,20250526,181500,2025-05-26 19:15:00,19,2025-05-26,2.719510338888889,10.878041355555556,10.878041355555551,15.000000000000000,900.000000000000000,100.000000000000000,1,900.000000000000000,100.000000000000000
p_d,L2,2025-05-26 18:15:00,20250526,181500,2025-05-26 19:15:00,19,2025-05-26,2.374195183333331,9.496780733333326,9.496780733333340,15.000000000000000,900.000000000000000,100.000000000000000,1,900.000000000000000,100.000000000000000
p_d,L3,2025-05-26 18:15:00,20250526,181500,2025-05-26 19:15:00,19,2025-05-26,2.240776391666666,8.963105566666664,8.963105566666668,15.000000000000000,900.000000000000000,100.000000000000000,1,900.000000000000000,100.000000000000000
p_d,ALL,2025-05-26 18:15:00,20250526,181500,2025-05-26 19:15:00,19,2025-05-26,7.334481913888887,29.337927655555546,9.779309218518518,15.000000000000000,900.000000000000000,100.000000000000000,1,900.000000000000000,100.000000000000000
p_d,L1,2025-05-26 18:30:00,20250526,183000,2025-05-26 19:30:00,19,2025-05-26,2.696385186111111,10.785540744444443,10.785540744444450,15.000000000000000,900.000000000000000,100.000000000000000,1,900.000000000000000,100.000000000000000
p_d,L2,2025-05-26 18:30:00,20250526,183000,2025-05-26 19:30:00,19,2025-05-26,2.355226675000001,9.420906700000005,9.420906700000000,15.000000000000000,900.000000000000000,100.000000000000000,1,900.000000000000000,100.000000000000000
p_d,L3,2025-05-26 18:30:00,20250526,183000,2025-05-26 19:30:00,19,2025-05-26,2.227745855555554,8.910983422222214,8.910983422222229,15.000000000000000,900.000000000000000,100.000000000000000,1,900.000000000000000,100.000000000000000
p_d,ALL,2025-05-26 18:30:00,20250526,183000,2025-05-26 19:30:00,19,2025-05-26,7.279357716666665,29.117430866666659,9.705810288888895,15.000000000000000,900.000000000000000,100.000000000000000,1,900.000000000000000,100.000000000000000
p_d,L1,2025-05-26 18:45:00,20250526,184500,2025-05-26 19:45:00,19,2025-05-26,2.675399177777778,10.701596711111112,10.701596711111112,15.000000000000000,900.000000000000000,100.000000000000000,1,900.000000000000000,100.000000000000000
p_d,L2,2025-05-26 18:45:00,20250526,184500,2025-05-26 19:45:00,19,2025-05-26,2.344721619444445,9.378886477777780,9.378886477777778,15.000000000000000,900.000000000000000,100.000000000000000,1,900.000000000000000,100.000000000000000
p_d,L3,2025-05-26 18:45:00,20250526,184500,2025-05-26 19:45:00,19,2025-05-26,2.222341238888889,8.889364955555555,8.889364955555557,15.000000000000000,900.000000000000000,100.000000000000000,1,900.000000000000000,100.000000000000000
p_d,ALL,2025-05-26 18:45:00,20250526,184500,2025-05-26 19:45:00,19,2025-05-26,7.242462036111111,28.969848144444445,9.656616048148148,15.000000000000000,900.000000000000000,100.000000000000000,1,900.000000000000000,100.000000000000000
p_d,L1,2025-05-26 19:00:00,20250526,190000,2025-05-26 20:00:00,20,2025-05-26,2.660890627777778,10.643562511111114,10.643562511111101,15.000000000000000,900.000000000000000,100.000000000000000,1,900.000000000000000,100.000000000000000
p_d,L2,2025-05-26 19:00:00,20250526,190000,2025-05-26 20:00:00,20,2025-05-26,2.329680294444445,9.318721177777778,9.318721177777775,15.000000000000000,900.000000000000000,100.000000000000000,1,900.000000000000000,100.000000000000000
p_d,L3,2025-05-26 19:00:00,20250526,190000,2025-05-26 20:00:00,20,2025-05-26,2.199143938888887,8.796575755555548,8.796575755555557,15.000000000000000,900.000000000000000,100.000000000000000,1,900.000000000000000,100.000000000000000
p_d,ALL,2025-05-26 19:00:00,20250526,190000,2025-05-26 20:00:00,20,2025-05-26,7.189714861111110,28.758859444444440,9.586286481481478,15.000000000000000,900.000000000000000,100.000000000000000,1,900.000000000000000,100.000000000000000
p_d,L1,2025-05-26 19:15:00,20250526,191500,2025-05-26 20:15:00,20,2025-05-26,2.564056272222220,10.256225088888879,10.256225088888881,15.000000000000000,900.000000000000000,100.000000000000000,1,900.000000000000000,100.000000000000000
p_d,L2,2025-05-26 19:15:00,20250526,191500,2025-05-26 20:15:00,20,2025-05-26,2.273216161111110,9.092864644444441,9.092864644444443,15.000000000000000,900.000000000000000,100.000000000000000,1,900.000000000000000,100.000000000000000
p_d,L3,2025-05-26 19:15:00,20250526,191500,2025-05-26 20:15:00,20,2025-05-26,2.140868799999999,8.563475199999996,8.563475200000001,15.000000000000000,900.000000000000000,100.000000000000000,1,900.000000000000000,100.000000000000000
p_d,ALL,2025-05-26 19:15:00,20250526,191500,2025-05-26 20:15:00,20,2025-05-26,6.978141233333329,27.912564933333314,9.304188311111108,15.000000000000000,900.000000000000000,100.000000000000000,1,900.000000000000000,100.000000000000000
p_d,L1,2025-05-26 19:30:00,20250526,193000,2025-05-26 20:30:00,20,2025-05-26,2.009572708333333,8.038290833333331,8.038290833333333,15.000000000000000,900.000000000000000,100.000000000000000,1,900.000000000000000,100.000000000000000
p_d,L2,2025-05-26 19:30:00,20250526,193000,2025-05-26 20:30:00,20,2025-05-26,1.927722600000001,7.710890400000002,7.710890399999999,15.000000000000000,900.000000000000000,100.000000000000000,1,900.000000000000000,100.000000000000000
p_d,L3,2025-05-26 19:30:00,20250526,193000,2025-05-26 20:30:00,20,2025-05-26,1.796131122222222,7.184524488888888,7.184524488888890,15.000000000000000,900.000000000000000,100.000000000000000,1,900.000000000000000,100.000000000000000
p_d,ALL,2025-05-26 19:30:00,20250526,193000,2025-05-26 20:30:00,20,2025-05-26,5.733426430555555,22.933705722222221,7.644568574074074,15.000000000000000,900.000000000000000,100.000000000000000,1,900.000000000000000,100.000000000000000
p_d,L1,2025-05-26 19:45:00,20250526,194500,2025-05-26 20:45:00,20,2025-05-26,1.576823272222223,6.307293088888892,6.307293088888891,15.000000000000000,900.000000000000000,100.000000000000000,1,900.000000000000000,100.000000000000000
p_d,L2,2025-05-26 19:45:00,20250526,194500,2025-05-26 20:45:00,20,2025-05-26,1.664606541666666,6.658426166666662,6.658426166666669,15.000000000000000,900.000000000000000,100.000000000000000,1,900.000000000000000,100.000000000000000
p_d,L3,2025-05-26 19:45:00,20250526,194500,2025-05-26 20:45:00,20,2025-05-26,1.531701194444445,6.126804777777778,6.126804777777769,15.000000000000000,900.000000000000000,100.000000000000000,1,900.000000000000000,100.000000000000000
p_d,ALL,2025-05-26 19:45:00,20250526,194500,2025-05-26 20:45:00,20,2025-05-26,4.773131008333333,19.092524033333333,6.364174677777776,15.000000000000000,900.000000000000000,100.000000000000000,1,900.000000000000000,100.000000000000000
p_d,L1,2025-05-26 20:00:00,20250526,200000,2025-05-26 21:00:00,21,2025-05-26,1.510734766666667,6.042939066666666,6.042939066666664,15.000000000000000,900.000000000000000,100.000000000000000,1,900.000000000000000,100.000000000000000
p_d,L2,2025-05-26 20:00:00,20250526,200000,2025-05-26 21:00:00,21,2025-05-26,1.537231283333334,6.148925133333335,6.148925133333331,15.000000000000000,900.000000000000000,100.000000000000000,1,900.000000000000000,100.000000000000000
p_d,L3,2025-05-26 20:00:00,20250526,200000,2025-05-26 21:00:00,21,2025-05-26,1.421054516666667,5.684218066666667,5.684218066666666,15.000000000000000,900.000000000000000,100.000000000000000,1,900.000000000000000,100.000000000000000
p_d,ALL,2025-05-26 20:00:00,20250526,200000,2025-05-26 21:00:00,21,2025-05-26,4.469020566666667,17.876082266666668,5.958694088888887,15.000000000000000,900.000000000000000,100.000000000000000,1,900.000000000000000,100.000000000000000
p_d,L1,2025-05-26 20:15:00,20250526,201500,2025-05-26 21:15:00,21,2025-05-26,1.480393438888890,5.921573755555562,5.921573755555558,15.000000000000000,900.000000000000000,100.000000000000000,1,900.000000000000000,100.000000000000000
p_d,L2,2025-05-26 20:15:00,20250526,201500,2025-05-26 21:15:00,21,2025-05-26,1.430512583333333,5.722050333333332,5.722050333333332,15.000000000000000,900.000000000000000,100.000000000000000,1,900.000000000000000,100.000000000000000
p_d,L3,2025-05-26 20:15:00,20250526,201500,2025-05-26 21:15:00,21,2025-05-26,1.326373211111110,5.305492844444441,5.305492844444447,15.000000000000000,900.000000000000000,100.000000000000000,1,900.000000000000000,100.000000000000000
p_d,ALL,2025-05-26 20:15:00,20250526,201500,2025-05-26 21:15:00,21,2025-05-26,4.237279233333334,16.949116933333336,5.649705644444445,15.000000000000000,900.000000000000000,100.000000000000000,1,900.000000000000000,100.000000000000000
p_d,L1,2025-05-26 20:30:00,20250526,203000,2025-05-26 21:30:00,21,2025-05-26,1.420219933333334,5.680879733333336,5.680879733333334,15.000000000000000,900.000000000000000,100.000000000000000,1,900.000000000000000,100.000000000000000
p_d,L2,2025-05-26 20:30:00,20250526,203000,2025-05-26 21:30:00,21,2025-05-26,1.346673827777776,5.386695311111103,5.386695311111112,15.000000000000000,900.000000000000000,100.000000000000000,1,900.000000000000000,100.000000000000000
p_d,L3,2025-05-26 20:30:00,20250526,203000,2025-05-26 21:30:00,21,2025-05-26,1.246914227777778,4.987656911111113,4.987656911111110,15.000000000000000,900.000000000000000,100.000000000000000,1,900.000000000000000,100.000000000000000
p_d,ALL,2025-05-26 20:30:00,20250526,203000,2025-05-26 21:30:00,21,2025-05-26,4.013807988888888,16.055231955555552,5.351743985185184,15.000000000000000,900.000000000000000,100.000000000000000,1,900.000000000000000,100.000000000000000
p_d,L1,2025-05-26 20:45:00,20250526,204500,2025-05-26 21:45:00,21,2025-05-26,1.083488686111111,4.333954744444443,4.333954744444443,15.000000000000000,900.000000000000000,100.000000000000000,1,900.000000000000000,100.000000000000000
p_d,L2,2025-05-26 20:45:00,20250526,204500,2025-05-26 21:45:00,21,2025-05-26,1.027421136111110,4.109684544444439,4.109684544444450,15.000000000000000,900.000000000000000,100.000000000000000,1,900.000000000000000,100.000000000000000
p_d,L3,2025-05-26 20:45:00,20250526,204500,2025-05-26 21:45:00,21,2025-05-26,0.950243411111111,3.800973644444445,3.800973644444442,15.000000000000000,900.000000000000000,100.000000000000000,1,900.000000000000000,100.000000000000000
p_d,ALL,2025-05-26 20:45:00,20250526,204500,2025-05-26 21:45:00,21,2025-05-26,3.061153233333332,12.244612933333327,4.081537644444445,15.000000000000000,900.000000000000000,100.000000000000000,1,900.000000000000000,100.000000000000000
p_d,L1,2025-05-26 21:00:00,20250526,210000,2025-05-26 22:00:00,22,2025-05-26,0.551922111111111,2.207688444444444,2.207688444444444,15.000000000000000,900.000000000000000,100.000000000000000,1,900.000000000000000,100.000000000000000
p_d,L2,2025-05-26 21:00:00,20250526,210000,2025-05-26 22:00:00,22,2025-05-26,0.383612897222222,1.534451588888889,1.534451588888889,15.000000000000000,900.000000000000000,100.000000000000000,1,900.000000000000000,100.000000000000000
p_d,L3,2025-05-26 21:00:00,20250526,210000,2025-05-26 22:00:00,22,2025-05-26,0.374546463888889,1.498185855555556,1.498185855555556,15.000000000000000,900.000000000000000,100.000000000000000,1,900.000000000000000,100.000000000000000
p_d,ALL,2025-05-26 21:00:00,20250526,210000,2025-05-26 22:00:00,22,2025-05-26,1.310081472222222,5.240325888888890,1.746775296296296,15.000000000000000,900.000000000000000,100.000000000000000,1,900.000000000000000,100.000000000000000
p_d,L1,2025-05-26 21:15:00,20250526,211500,2025-05-26 22:15:00,22,2025-05-26,0.684190836111111,2.736763344444444,2.736763344444445,15.000000000000000,900.000000000000000,100.000000000000000,1,900.000000000000000,100.000000000000000
p_d,L2,2025-05-26 21:15:00,20250526,211500,2025-05-26 22:15:00,22,2025-05-26,0.502513669444445,2.010054677777778,2.010054677777777,15.000000000000000,900.000000000000000,100.000000000000000,1,900.000000000000000,100.000000000000000
p_d,L3,2025-05-26 21:15:00,20250526,211500,2025-05-26 22:15:00,22,2025-05-26,0.484961044444444,1.939844177777778,1.939844177777777,15.000000000000000,900.000000000000000,100.000000000000000,1,900.000000000000000,100.000000000000000
p_d,ALL,2025-05-26 21:15:00,20250526,211500,2025-05-26 22:15:00,22,2025-05-26,1.671665550000000,6.686662200000000,2.228887400000000,15.000000000000000,900.000000000000000,100.000000000000000,1,900.000000000000000,100.000000000000000
p_d,L1,2025-05-26 21:30:00,20250526,213000,2025-05-26 22:30:00,22,2025-05-26,0.963345822222222,3.853383288888887,3.853383288888887,15.000000000000000,900.000000000000000,100.000000000000000,1,900.000000000000000,100.000000000000000
p_d,L2,2025-05-26 21:30:00,20250526,213000,2025-05-26 22:30:00,22,2025-05-26,0.817908288888889,3.271633155555556,3.271633155555556,15.000000000000000,900.000000000000000,100.000000000000000,1,900.000000000000000,100.000000000000000
p_d,L3,2025-05-26 21:30:00,20250526,213000,2025-05-26 22:30:00,22,2025-05-26,0.768608344444444,3.074433377777777,3.074433377777777,15.000000000000000,900.000000000000000,100.000000000000000,1,900.000000000000000,100.000000000000000
p_d,ALL,2025-05-26 21:30:00,20250526,213000,2025-05-26 22:30:00,22,2025-05-26,2.549862455555555,10.199449822222221,3.399816607407407,15.000000000000000,900.000000000000000,100.000000000000000,1,900.000000000000000,100.000000000000000
p_d,L1,2025-05-26 21:45:00,20250526,214500,2025-05-26 22:45:00,22,2025-05-26,0.909753205555555,3.639012822222219,3.639012822222218,15.000000000000000,900.000000000000000,100.000000000000000,1,900.000000000000000,100.000000000000000
p_d,L2,2025-05-26 21:45:00,20250526,214500,2025-05-26 22:45:00,22,2025-05-26,0.790404036111111,3.161616144444444,3.161616144444447,15.000000000000000,900.000000000000000,100.000000000000000,1,900.000000000000000,100.000000000000000
p_d,L3,2025-05-26 21:45:00,20250526,214500,2025-05-26 22:45:00,22,2025-05-26,0.746193013888889,2.984772055555558,2.984772055555559,15.000000000000000,900.000000000000000,100.000000000000000,1,900.000000000000000,100.000000000000000
p_d,ALL,2025-05-26 21:45:00,20250526,214500,2025-05-26 22:45:00,22,2025-05-26,2.446350255555555,9.785401022222221,3.261800340740741,15.000000000000000,900.000000000000000,100.000000000000000,1,900.000000000000000,100.000000000000000
p_d,L1,2025-05-26 22:00:00,20250526,220000,2025-05-26 23:00:00,23,2025-05-26,0.649975097222222,2.599900388888889,2.599900388888888,15.000000000000000,900.000000000000000,100.000000000000000,1,900.000000000000000,100.000000000000000
p_d,L2,2025-05-26 22:00:00,20250526,220000,2025-05-26 23:00:00,23,2025-05-26,0.489718502777778,1.958874011111111,1.958874011111110,15.000000000000000,900.000000000000000,100.000000000000000,1,900.000000000000000,100.000000000000000
p_d,L3,2025-05-26 22:00:00,20250526,220000,2025-05-26 23:00:00,23,2025-05-26,0.459926272222223,1.839705088888891,1.839705088888892,15.000000000000000,900.000000000000000,100.000000000000000,1,900.000000000000000,100.000000000000000
p_d,ALL,2025-05-26 22:00:00,20250526,220000,2025-05-26 23:00:00,23,2025-05-26,1.599619872222223,6.398479488888890,2.132826496296297,15.000000000000000,900.000000000000000,100.000000000000000,1,900.000000000000000,100.000000000000000
p_d,L1,2025-05-26 22:15:00,20250526,221500,2025-05-26 23:15:00,23,2025-05-26,0.769984602777777,3.079938411111107,3.079938411111108,15.000000000000000,900.000000000000000,100.000000000000000,1,900.000000000000000,100.000000000000000
p_d,L2,2025-05-26 22:15:00,20250526,221500,2025-05-26 23:15:00,23,2025-05-26,0.603734116666667,2.414936466666668,2.414936466666664,15.000000000000000,900.000000000000000,100.000000000000000,1,900.000000000000000,100.000000000000000
p_d,L3,2025-05-26 22:15:00,20250526,221500,2025-05-26 23:15:00,23,2025-05-26,0.572276702777778,2.289106811111112,2.289106811111113,15.000000000000000,900.000000000000000,100.000000000000000,1,900.000000000000000,100.000000000000000
p_d,ALL,2025-05-26 22:15:00,20250526,221500,2025-05-26 23:15:00,23,2025-05-26,1.945995422222222,7.783981688888887,2.594660562962962,15.000000000000000,900.000000000000000,100.000000000000000,1,900.000000000000000,100.000000000000000
p_d,L1,2025-05-26 22:30:00,20250526,223000,2025-05-26 23:30:00,23,2025-05-26,0.853220844444444,3.412883377777777,3.412883377777776,15.000000000000000,900.000000000000000,100.000000000000000,1,900.000000000000000,100.000000000000000
p_d,L2,2025-05-26 22:30:00,20250526,223000,2025-05-26 23:30:00,23,2025-05-26,0.712205997222223,2.848823988888892,2.848823988888889,15.000000000000000,900.000000000000000,100.000000000000000,1,900.000000000000000,100.000000000000000
p_d,L3,2025-05-26 22:30:00,20250526,223000,2025-05-26 23:30:00,23,2025-05-26,0.679211369444445,2.716845477777779,2.716845477777778,15.000000000000000,900.000000000000000,100.000000000000000,1,900.000000000000000,100.000000000000000
p_d,ALL,2025-05-26 22:30:00,20250526,223000,2025-05-26 23:30:00,23,2025-05-26,2.244638211111112,8.978552844444449,2.992850948148148,15.000000000000000,900.000000000000000,100.000000000000000,1,900.000000000000000,100.000000000000000
p_d,L1,2025-05-26 22:45:00,20250526,224500,2025-05-26 23:45:00,23,2025-05-26,0.864445150000000,3.457780600000000,3.457780599999997,15.000000000000000,900.000000000000000,100.000000000000000,1,900.000000000000000,100.000000000000000
p_d,L2,2025-05-26 22:45:00,20250526,224500,2025-05-26 23:45:00,23,2025-05-26,0.729312063888890,2.917248255555560,2.917248255555553,15.000000000000000,900.000000000000000,100.000000000000000,1,900.000000000000000,100.000000000000000
p_d,L3,2025-05-26 22:45:00,20250526,224500,2025-05-26 23:45:00,23,2025-05-26,0.700661702777778,2.802646811111110,2.802646811111111,15.000000000000000,900.000000000000000,100.000000000000000,1,900.000000000000000,100.000000000000000
p_d,ALL,2025-05-26 22:45:00,20250526,224500,2025-05-26 23:45:00,23,2025-05-26,2.294418916666667,9.177675666666669,3.059225222222220,15.000000000000000,900.000000000000000,100.000000000000000,1,900.000000000000000,100.000000000000000
p_d,L1,2025-05-26 23:00:00,20250526,230000,2025-05-27 00:00:00,0,2025-05-27,0.764490758333332,3.057963033333329,3.057963033333331,15.000000000000000,900.000000000000000,100.000000000000000,1,900.000000000000000,100.000000000000000
p_d,L2,2025-05-26 23:00:00,20250526,230000,2025-05-27 00:00:00,0,2025-05-27,0.580274705555557,2.321098822222226,2.321098822222219,15.000000000000000,900.000000000000000,100.000000000000000,1,900.000000000000000,100.000000000000000
p_d,L3,2025-05-26 23:00:00,20250526,230000,2025-05-27 00:00:00,0,2025-05-27,0.574168283333333,2.296673133333333,2.296673133333332,15.000000000000000,900.000000000000000,100.000000000000000,1,900.000000000000000,100.000000000000000
p_d,ALL,2025-05-26 23:00:00,20250526,230000,2025-05-27 00:00:00,0,2025-05-27,1.918933747222222,7.675734988888888,2.558578329629627,15.000000000000000,900.000000000000000,100.000000000000000,1,900.000000000000000,100.000000000000000
p_d,L1,2025-05-26 23:15:00,20250526,231500,2025-05-27 00:15:00,0,2025-05-27,0.809121655555555,3.236486622222221,3.236486622222219,15.000000000000000,900.000000000000000,100.000000000000000,1,900.000000000000000,100.000000000000000
p_d,L2,2025-05-26 23:15:00,20250526,231500,2025-05-27 00:15:00,0,2025-05-27,0.643123672222222,2.572494688888889,2.572494688888882,15.000000000000000,900.000000000000000,100.000000000000000,1,900.000000000000000,100.000000000000000
p_d,L3,2025-05-26 23:15:00,20250526,231500,2025-05-27 00:15:00,0,2025-05-27,0.628088844444445,2.512355377777778,2.512355377777777,15.000000000000000,900.000000000000000,100.000000000000000,1,900.000000000000000,100.000000000000000
p_d,ALL,2025-05-26 23:15:00,20250526,231500,2025-05-27 00:15:00,0,2025-05-27,2.080334172222222,8.321336688888888,2.773778896296292,15.000000000000000,900.000000000000000,100.000000000000000,1,900.000000000000000,100.000000000000000
p_d,L1,2025-05-26 23:30:00,20250526,233000,2025-05-27 00:30:00,0,2025-05-27,1.542255344444445,6.169021377777780,6.169021377777780,15.000000000000000,900.000000000000000,100.000000000000000,1,900.000000000000000,100.000000000000000
p_d,L2,2025-05-26 23:30:00,20250526,233000,2025-05-27 00:30:00,0,2025-05-27,1.402114130555556,5.608456522222223,5.608456522222220,15.000000000000000,900.000000000000000,100.000000000000000,1,900.000000000000000,100.000000000000000
p_d,L3,2025-05-26 23:30:00,20250526,233000,2025-05-27 00:30:00,0,2025-05-27,1.311683613888889,5.246734455555557,5.246734455555556,15.000000000000000,900.000000000000000,100.000000000000000,1,900.000000000000000,100.000000000000000
p_d,ALL,2025-05-26 23:30:00,20250526,233000,2025-05-27 00:30:00,0,2025-05-27,4.256053088888891,17.024212355555562,5.674737451851851,15.000000000000000,900.000000000000000,100.000000000000000,1,900.000000000000000,100.000000000000000
p_d,L1,2025-05-26 23:45:00,20250526,234500,2025-05-27 00:45:00,0,2025-05-27,1.996409055555554,7.985636222222217,7.985636222222227,15.000000000000000,900.000000000000000,100.000000000000000,1,900.000000000000000,100.000000000000000
p_d,L2,2025-05-26 23:45:00,20250526,234500,2025-05-27 00:45:00,0,2025-05-27,1.660238311111111,6.640953244444443,6.640953244444447,15.000000000000000,900.000000000000000,100.000000000000000,1,900.000000000000000,100.000000000000000
p_d,L3,2025-05-26 23:45:00,20250526,234500,2025-05-27 00:45:00,0,2025-05-27,1.590167394444447,6.360669577777786,6.360669577777786,15.000000000000000,900.000000000000000,100.000000000000000,1,900.000000000000000,100.000000000000000
p_d,ALL,2025-05-26 23:45:00,20250526,234500,2025-05-27 00:45:00,0,2025-05-27,5.246814761111112,20.987259044444446,6.995753014814820,15.000000000000000,900.000000000000000,100.000000000000000,1,900.000000000000000,100.000000000000000
