AssetId,Phase,window_start_utc,DateKeyUtc,TimeKeyUtc,WindowStartLocal,HourLocal,DateLocal,Energy_kWh_15m,Demand_kW,AvgPower_kW_15m,Minutes,SecondsObserved,DataCoveragePct,IsReliableWindow,SecondsReliable,ReliableCoveragePct
mi_b,L1,2025-05-25 00:00:00,20250525,0,2025-05-25 01:00:00,1,2025-05-25,0.000000000000000,0.000000000000000,0.000000000000000,15.000000000000000,900.000000000000000,100.000000000000000,1,900.000000000000000,100.000000000000000
mi_b,L2,2025-05-25 00:00:00,20250525,0,2025-05-25 01:00:00,1,2025-05-25,0.000000000000000,0.000000000000000,0.000000000000000,15.000000000000000,900.000000000000000,100.000000000000000,0,284.000000000000000,31.555555555555554
mi_b,L3,2025-05-25 00:00:00,20250525,0,2025-05-25 01:00:00,1,2025-05-25,-0.000000000000000,-0.000000000000000,NaN,15.000000000000000,900.000000000000000,100.000000000000000,0,0.000000000000000,0.000000000000000
mi_b,ALL,2025-05-25 00:00:00,20250525,0,2025-05-25 01:00:00,1,2025-05-25,0.000000000000000,0.000000000000000,0.000000000000000,15.000000000000000,900.000000000000000,100.000000000000000,1,900.000000000000000,100.000000000000000
mi_b,L1,2025-05-25 00:15:00,20250525,1500,2025-05-25 01:15:00,1,2025-05-25,0.000000000000000,0.000000000000000,0.000000000000000,15.000000000000000,900.000000000000000,100.000000000000000,1,900.000000000000000,100.000000000000000
mi_b,L2,2025-05-25 00:15:00,20250525,1500,2025-05-25 01:15:00,1,2025-05-25,0.000000000000000,0.000000000000000,0.000000000000000,15.000000000000000,900.000000000000000,100.000000000000000,0,167.000000000000000,18.555555555555557
mi_b,L3,2025-05-25 00:15:00,20250525,1500,2025-05-25 01:15:00,1,2025-05-25,-0.000000000000000,-0.000000000000000,NaN,15.000000000000000,900.000000000000000,100.000000000000000,0,0.000000000000000,0.000000000000000
mi_b,ALL,2025-05-25 00:15:00,20250525,1500,2025-05-25 01:15:00,1,2025-05-25,0.000000000000000,0.000000000000000,0.000000000000000,15.000000000000000,900.000000000000000,100.000000000000000,1,900.000000000000000,100.000000000000000
mi_b,L1,2025-05-25 00:30:00,20250525,3000,2025-05-25 01:30:00,1,2025-05-25,0.000000000000000,0.000000000000000,0.000000000000000,15.000000000000000,900.000000000000000,100.000000000000000,1,900.000000000000000,100.000000000000000
mi_b,L2,2025-05-25 00:30:00,20250525,3000,2025-05-25 01:30:00,1,2025-05-25,0.000000000000000,0.000000000000000,0.000000000000000,15.000000000000000,900.000000000000000,100.000000000000000,0,437.000000000000000,48.555555555555557
mi_b,L3,2025-05-25 00:30:00,20250525,3000,2025-05-25 01:30:00,1,2025-05-25,-0.000000000000000,-0.000000000000000,NaN,15.000000000000000,900.000000000000000,100.000000000000000,0,0.000000000000000,0.000000000000000
mi_b,ALL,2025-05-25 00:30:00,20250525,3000,2025-05-25 01:30:00,1,2025-05-25,0.000000000000000,0.000000000000000,0.000000000000000,15.000000000000000,900.000000000000000,100.000000000000000,1,900.000000000000000,100.000000000000000
mi_b,L1,2025-05-25 00:45:00,20250525,4500,2025-05-25 01:45:00,1,2025-05-25,0.000000000000000,0.000000000000000,0.000000000000000,15.000000000000000,900.000000000000000,100.000000000000000,1,900.000000000000000,100.000000000000000
mi_b,L2,2025-05-25 00:45:00,20250525,4500,2025-05-25 01:45:00,1,2025-05-25,0.000000000000000,0.000000000000000,0.000000000000000,15.000000000000000,900.000000000000000,100.000000000000000,0,584.000000000000000,64.888888888888886
mi_b,L3,2025-05-25 00:45:00,20250525,4500,2025-05-25 01:45:00,1,2025-05-25,-0.000000000000000,-0.000000000000000,NaN,15.000000000000000,900.000000000000000,100.000000000000000,0,0.000000000000000,0.000000000000000
mi_b,ALL,2025-05-25 00:45:00,20250525,4500,2025-05-25 01:45:00,1,2025-05-25,0.000000000000000,0.000000000000000,0.000000000000000,15.000000000000000,900.000000000000000,100.000000000000000,1,900.000000000000000,100.000000000000000
mi_b,L1,2025-05-25 01:00:00,20250525,10000,2025-05-25 02:00:00,2,2025-05-25,0.000000000000000,0.000000000000000,0.000000000000000,15.000000000000000,900.000000000000000,100.000000000000000,1,900.000000000000000,100.000000000000000
mi_b,L2,2025-05-25 01:00:00,20250525,10000,2025-05-25 02:00:00,2,2025-05-25,0.000000000000000,0.000000000000000,0.000000000000000,15.000000000000000,900.000000000000000,100.000000000000000,0,382.000000000000000,42.444444444444443
mi_b,L3,2025-05-25 01:00:00,20250525,10000,2025-05-25 02:00:00,2,2025-05-25,-0.000000000000000,-0.000000000000000,NaN,15.000000000000000,900.000000000000000,100.000000000000000,0,0.000000000000000,0.000000000000000
mi_b,ALL,2025-05-25 01:00:00,20250525,10000,2025-05-25 02:00:00,2,2025-05-25,0.000000000000000,0.000000000000000,0.000000000000000,15.000000000000000,900.000000000000000,100.000000000000000,1,900.000000000000000,100.000000000000000
mi_b,L1,2025-05-25 01:15:00,20250525,11500,2025-05-25 02:15:00,2,2025-05-25,0.000000000000000,0.000000000000000,0.000000000000000,15.000000000000000,900.000000000000000,100.000000000000000,1,900.000000000000000,100.000000000000000
mi_b,L2,2025-05-25 01:15:00,20250525,11500,2025-05-25 02:15:00,2,2025-05-25,0.000000000000000,0.000000000000000,0.000000000000000,15.000000000000000,900.000000000000000,100.000000000000000,0,375.000000000000000,41.666666666666671
mi_b,L3,2025-05-25 01:15:00,20250525,11500,2025-05-25 02:15:00,2,2025-05-25,-0.000000000000000,-0.000000000000000,NaN,15.000000000000000,900.000000000000000,100.000000000000000,0,0.000000000000000,0.000000000000000
mi_b,ALL,2025-05-25 01:15:00,20250525,11500,2025-05-25 02:15:00,2,2025-05-25,0.000000000000000,0.000000000000000,0.000000000000000,15.000000000000000,900.000000000000000,100.000000000000000,1,900.000000000000000,100.000000000000000
mi_b,L1,2025-05-25 01:30:00,20250525,13000,2025-05-25 02:30:00,2,2025-05-25,0.000000000000000,0.000000000000000,0.000000000000000,15.000000000000000,900.000000000000000,100.000000000000000,1,900.000000000000000,100.000000000000000
mi_b,L2,2025-05-25 01:30:00,20250525,13000,2025-05-25 02:30:00,2,2025-05-25,0.000000000000000,0.000000000000000,0.000000000000000,15.000000000000000,900.000000000000000,100.000000000000000,0,195.000000000000000,21.666666666666668
mi_b,L3,2025-05-25 01:30:00,20250525,13000,2025-05-25 02:30:00,2,2025-05-25,-0.000000000000000,-0.000000000000000,NaN,15.000000000000000,900.000000000000000,100.000000000000000,0,0.000000000000000,0.000000000000000
mi_b,ALL,2025-05-25 01:30:00,20250525,13000,2025-05-25 02:30:00,2,2025-05-25,0.000000000000000,0.000000000000000,0.000000000000000,15.000000000000000,900.000000000000000,100.000000000000000,1,900.000000000000000,100.000000000000000
mi_b,L1,2025-05-25 01:45:00,20250525,14500,2025-05-25 02:45:00,2,2025-05-25,0.000000000000000,0.000000000000000,0.000000000000000,15.000000000000000,900.000000000000000,100.000000000000000,1,900.000000000000000,100.000000000000000
mi_b,L2,2025-05-25 01:45:00,20250525,14500,2025-05-25 02:45:00,2,2025-05-25,0.000000000000000,0.000000000000000,0.000000000000000,15.000000000000000,900.000000000000000,100.000000000000000,0,577.000000000000000,64.111111111111114
mi_b,L3,2025-05-25 01:45:00,20250525,14500,2025-05-25 02:45:00,2,2025-05-25,-0.000000000000000,-0.000000000000000,NaN,15.000000000000000,900.000000000000000,100.000000000000000,0,0.000000000000000,0.000000000000000
mi_b,ALL,2025-05-25 01:45:00,20250525,14500,2025-05-25 02:45:00,2,2025-05-25,0.000000000000000,0.000000000000000,0.000000000000000,15.000000000000000,900.000000000000000,100.000000000000000,1,900.000000000000000,100.000000000000000
mi_b,L1,2025-05-25 02:00:00,20250525,20000,2025-05-25 03:00:00,3,2025-05-25,0.000000000000000,0.000000000000000,0.000000000000000,15.000000000000000,900.000000000000000,100.000000000000000,1,900.000000000000000,100.000000000000000
mi_b,L2,2025-05-25 02:00:00,20250525,20000,2025-05-25 03:00:00,3,2025-05-25,0.000000000000000,0.000000000000000,0.000000000000000,15.000000000000000,900.000000000000000,100.000000000000000,0,194.000000000000000,21.555555555555557
mi_b,L3,2025-05-25 02:00:00,20250525,20000,2025-05-25 03:00:00,3,2025-05-25,-0.000000000000000,-0.000000000000000,NaN,15.000000000000000,900.000000000000000,100.000000000000000,0,0.000000000000000,0.000000000000000
mi_b,ALL,2025-05-25 02:00:00,20250525,20000,2025-05-25 03:00:00,3,2025-05-25,0.000000000000000,0.000000000000000,0.000000000000000,15.000000000000000,900.000000000000000,100.000000000000000,1,900.000000000000000,100.000000000000000
mi_b,L1,2025-05-25 02:15:00,20250525,21500,2025-05-25 03:15:00,3,2025-05-25,0.000000000000000,0.000000000000000,0.000000000000000,15.000000000000000,900.000000000000000,100.000000000000000,1,900.000000000000000,100.000000000000000
mi_b,L2,2025-05-25 02:15:00,20250525,21500,2025-05-25 03:15:00,3,2025-05-25,0.000000000000000,0.000000000000000,0.000000000000000,15.000000000000000,900.000000000000000,100.000000000000000,0,314.000000000000000,34.888888888888893
mi_b,L3,2025-05-25 02:15:00,20250525,21500,2025-05-25 03:15:00,3,2025-05-25,-0.000000000000000,-0.000000000000000,NaN,15.000000000000000,900.000000000000000,100.000000000000000,0,0.000000000000000,0.000000000000000
mi_b,ALL,2025-05-25 02:15:00,20250525,21500,2025-05-25 03:15:00,3,2025-05-25,0.000000000000000,0.000000000000000,0.000000000000000,15.000000000000000,900.000000000000000,100.000000000000000,1,900.000000000000000,100.000000000000000
mi_b,L1,2025-05-25 02:30:00,20250525,23000,2025-05-25 03:30:00,3,2025-05-25,0.000000000000000,0.000000000000000,0.000000000000000,15.000000000000000,900.000000000000000,100.000000000000000,1,900.000000000000000,100.000000000000000
mi_b,L2,2025-05-25 02:30:00,20250525,23000,2025-05-25 03:30:00,3,2025-05-25,0.000000000000000,0.000000000000000,0.000000000000000,15.000000000000000,900.000000000000000,100.000000000000000,0,207.000000000000000,23.000000000000000
mi_b,L3,2025-05-25 02:30:00,20250525,23000,2025-05-25 03:30:00,3,2025-05-25,-0.000000000000000,-0.000000000000000,NaN,15.000000000000000,900.000000000000000,100.000000000000000,0,0.000000000000000,0.000000000000000
mi_b,ALL,2025-05-25 02:30:00,20250525,23000,2025-05-25 03:30:00,3,2025-05-25,0.000000000000000,0.000000000000000,0.000000000000000,15.000000000000000,900.000000000000000,100.000000000000000,1,900.000000000000000,100.000000000000000
mi_b,L1,2025-05-25 02:45:00,20250525,24500,2025-05-25 03:45:00,3,2025-05-25,0.000000000000000,0.000000000000000,0.000000000000000,15.000000000000000,900.000000000000000,100.000000000000000,1,900.000000000000000,100.000000000000000
mi_b,L2,2025-05-25 02:45:00,20250525,24500,2025-05-25 03:45:00,3,2025-05-25,0.000000000000000,0.000000000000000,0.000000000000000,15.000000000000000,900.000000000000000,100.000000000000000,0,264.000000000000000,29.333333333333332
mi_b,L3,2025-05-25 02:45:00,20250525,24500,2025-05-25 03:45:00,3,2025-05-25,-0.000000000000000,-0.000000000000000,NaN,15.000000000000000,900.000000000000000,100.000000000000000,0,0.000000000000000,0.000000000000000
mi_b,ALL,2025-05-25 02:45:00,20250525,24500,2025-05-25 03:45:00,3,2025-05-25,0.000000000000000,0.000000000000000,0.000000000000000,15.000000000000000,900.000000000000000,100.000000000000000,1,900.000000000000000,100.000000000000000
mi_b,L1,2025-05-25 03:00:00,20250525,30000,2025-05-25 04:00:00,4,2025-05-25,0.000000000000000,0.000000000000000,0.000000000000000,15.000000000000000,900.000000000000000,100.000000000000000,1,900.000000000000000,100.000000000000000
mi_b,L2,2025-05-25 03:00:00,20250525,30000,2025-05-25 04:00:00,4,2025-05-25,0.000000000000000,0.000000000000000,0.000000000000000,15.000000000000000,900.000000000000000,100.000000000000000,0,242.000000000000000,26.888888888888889
mi_b,L3,2025-05-25 03:00:00,20250525,30000,2025-05-25 04:00:00,4,2025-05-25,-0.000000000000000,-0.000000000000000,NaN,15.000000000000000,900.000000000000000,100.000000000000000,0,0.000000000000000,0.000000000000000
mi_b,ALL,2025-05-25 03:00:00,20250525,30000,2025-05-25 04:00:00,4,2025-05-25,0.000000000000000,0.000000000000000,0.000000000000000,15.000000000000000,900.000000000000000,100.000000000000000,1,900.000000000000000,100.000000000000000
mi_b,L1,2025-05-25 03:15:00,20250525,31500,2025-05-25 04:15:00,4,2025-05-25,0.000000000000000,0.000000000000000,0.000000000000000,15.000000000000000,900.000000000000000,100.000000000000000,1,900.000000000000000,100.000000000000000
mi_b,L2,2025-05-25 03:15:00,20250525,31500,2025-05-25 04:15:00,4,2025-05-25,0.000000000000000,0.000000000000000,0.000000000000000,15.000000000000000,900.000000000000000,100.000000000000000,0,191.000000000000000,21.222222222222221
mi_b,L3,2025-05-25 03:15:00,20250525,31500,2025-05-25 04:15:00,4,2025-05-25,-0.000000000000000,-0.000000000000000,NaN,15.000000000000000,900.000000000000000,100.000000000000000,0,0.000000000000000,0.000000000000000
mi_b,ALL,2025-05-25 03:15:00,20250525,31500,2025-05-25 04:15:00,4,2025-05-25,0.000000000000000,0.000000000000000,0.000000000000000,15.000000000000000,900.000000000000000,100.000000000000000,1,900.000000000000000,100.000000000000000
mi_b,L1,2025-05-25 03:30:00,20250525,33000,2025-05-25 04:30:00,4,2025-05-25,0.000000000000000,0.000000000000000,0.000000000000000,15.000000000000000,900.000000000000000,100.000000000000000,1,900.000000000000000,100.000000000000000
mi_b,L2,2025-05-25 03:30:00,20250525,33000,2025-05-25 04:30:00,4,2025-05-25,0.000000000000000,0.000000000000000,0.000000000000000,15.000000000000000,900.000000000000000,100.000000000000000,0,329.000000000000000,36.555555555555557
mi_b,L3,2025-05-25 03:30:00,20250525,33000,2025-05-25 04:30:00,4,2025-05-25,-0.000000000000000,-0.000000000000000,NaN,15.000000000000000,900.000000000000000,100.000000000000000,0,0.000000000000000,0.000000000000000
mi_b,ALL,2025-05-25 03:30:00,20250525,33000,2025-05-25 04:30:00,4,2025-05-25,0.000000000000000,0.000000000000000,0.000000000000000,15.000000000000000,900.000000000000000,100.000000000000000,1,900.000000000000000,100.000000000000000
mi_b,L1,2025-05-25 03:45:00,20250525,34500,2025-05-25 04:45:00,4,2025-05-25,0.000000000000000,0.000000000000000,0.000000000000000,15.000000000000000,900.000000000000000,100.000000000000000,1,900.000000000000000,100.000000000000000
mi_b,L2,2025-05-25 03:45:00,20250525,34500,2025-05-25 04:45:00,4,2025-05-25,0.000000000000000,0.000000000000000,0.000000000000000,15.000000000000000,900.000000000000000,100.000000000000000,0,257.000000000000000,28.555555555555557
mi_b,L3,2025-05-25 03:45:00,20250525,34500,2025-05-25 04:45:00,4,2025-05-25,-0.000000000000000,-0.000000000000000,NaN,15.000000000000000,900.000000000000000,100.000000000000000,0,0.000000000000000,0.000000000000000
mi_b,ALL,2025-05-25 03:45:00,20250525,34500,2025-05-25 04:45:00,4,2025-05-25,0.000000000000000,0.000000000000000,0.000000000000000,15.000000000000000,900.000000000000000,100.000000000000000,1,900.000000000000000,100.000000000000000
mi_b,L1,2025-05-25 04:00:00,20250525,40000,2025-05-25 05:00:00,5,2025-05-25,0.000000025000000,0.000000100000000,0.000000102739726,15.000000000000000,900.000000000000000,100.000000000000000,1,876.000000000000000,97.333333333333343
mi_b,L2,2025-05-25 04:00:00,20250525,40000,2025-05-25 05:00:00,5,2025-05-25,0.000000016666667,0.000000066666667,0.000000162601626,15.000000000000000,900.000000000000000,100.000000000000000,0,369.000000000000000,41.000000000000000
mi_b,L3,2025-05-25 04:00:00,20250525,40000,2025-05-25 05:00:00,5,2025-05-25,0.000000008333333,0.000000033333333,0.000010000000000,15.000000000000000,900.000000000000000,100.000000000000000,0,3.000000000000000,0.333333333333333
mi_b,ALL,2025-05-25 04:00:00,20250525,40000,2025-05-25 05:00:00,5,2025-05-25,0.000000050000000,0.000000200000000,0.000000144230769,15.000000000000000,900.000000000000000,100.000000000000000,1,900.000000000000000,100.000000000000000
mi_b,L1,2025-05-25 04:15:00,20250525,41500,2025-05-25 05:15:00,5,2025-05-25,0.000009200000000,0.000036800000000,0.000038068965517,15.000000000000000,900.000000000000000,100.000000000000000,1,870.000000000000000,96.666666666666671
mi_b,L2,2025-05-25 04:15:00,20250525,41500,2025-05-25 05:15:00,5,2025-05-25,0.000008761111111,0.000035044444444,0.000045643994211,15.000000000000000,900.000000000000000,100.000000000000000,0,691.000000000000000,76.777777777777771
mi_b,L3,2025-05-25 04:15:00,20250525,41500,2025-05-25 05:15:00,5,2025-05-25,0.000008252777778,0.000033011111111,0.000044609609610,15.000000000000000,900.000000000000000,100.000000000000000,0,666.000000000000000,74.000000000000000
mi_b,ALL,2025-05-25 04:15:00,20250525,41500,2025-05-25 05:15:00,5,2025-05-25,0.000026213888889,0.000104855555556,0.000042375392905,15.000000000000000,900.000000000000000,100.000000000000000,1,900.000000000000000,100.000000000000000
mi_b,L1,2025-05-25 04:30:00,20250525,43000,2025-05-25 05:30:00,5,2025-05-25,0.000052777777778,0.000211111111111,0.000316139767055,15.000000000000000,900.000000000000000,100.000000000000000,0,601.000000000000000,66.777777777777786
mi_b,L2,2025-05-25 04:30:00,20250525,43000,2025-05-25 05:30:00,5,2025-05-25,0.000052263888889,0.000209055555556,0.000317820945946,15.000000000000000,900.000000000000000,100.000000000000000,0,592.000000000000000,65.777777777777786
mi_b,L3,2025-05-25 04:30:00,20250525,43000,2025-05-25 05:30:00,5,2025-05-25,0.000051791666667,0.000207166666667,0.000319811320755,15.000000000000000,900.000000000000000,100.000000000000000,0,583.000000000000000,64.777777777777771
mi_b,ALL,2025-05-25 04:30:00,20250525,43000,2025-05-25 05:30:00,5,2025-05-25,0.000156833333333,0.000627333333333,0.000317905405405,15.000000000000000,900.000000000000000,100.000000000000000,1,900.000000000000000,100.000000000000000
mi_b,L1,2025-05-25 04:45:00,20250525,44500,2025-05-25 05:45:00,5,2025-05-25,0.000339022222222,0.001356088888889,0.001356088888889,15.000000000000000,900.000000000000000,100.000000000000000,1,900.000000000000000,100.000000000000000
mi_b,L2,2025-05-25 04:45:00,20250525,44500,2025-05-25 05:45:00,5,2025-05-25,0.000335836111111,0.001343344444444,0.001343344444444,15.000000000000000,900.000000000000000,100.000000000000000,1,900.000000000000000,100.000000000000000
mi_b,L3,2025-05-25 04:45:00,20250525,44500,2025-05-25 05:45:00,5,2025-05-25,0.000334536111111,0.001338144444444,0.001338144444444,15.000000000000000,900.000000000000000,100.000000000000000,1,900.000000000000000,100.000000000000000
mi_b,ALL,2025-05-25 04:45:00,20250525,44500,2025-05-25 05:45:00,5,2025-05-25,0.001009394444444,0.004037577777778,0.001345859259259,15.000000000000000,900.000000000000000,100.000000000000000,1,900.000000000000000,100.000000000000000
mi_b,L1,2025-05-25 05:00:00,20250525,50000,2025-05-25 06:00:00,6,2025-05-25,0.000921305555556,0.003685222222222,0.003685222222222,15.000000000000000,900.000000000000000,100.000000000000000,1,900.000000000000000,100.000000000000000
mi_b,L2,2025-05-25 05:00:00,20250525,50000,2025-05-25 06:00:00,6,2025-05-25,0.000917855555556,0.003671422222222,0.003671422222222,15.000000000000000,900.000000000000000,100.000000000000000,1,900.000000000000000,100.000000000000000
mi_b,L3,2025-05-25 05:00:00,20250525,50000,2025-05-25 06:00:00,6,2025-05-25,0.000918358333333,0.003673433333333,0.003673433333333,15.000000000000000,900.000000000000000,100.000000000000000,1,900.000000000000000,100.000000000000000
mi_b,ALL,2025-05-25 05:00:00,20250525,50000,2025-05-25 06:00:00,6,2025-05-25,0.002757519444444,0.011030077777778,0.003676692592593,15.000000000000000,900.000000000000000,100.000000000000000,1,900.000000000000000,100.000000000000000
mi_b,L1,2025-05-25 05:15:00,20250525,51500,2025-05-25 06:15:00,6,2025-05-25,0.002667988888889,0.010671955555556,0.010671955555556,15.000000000000000,900.000000000000000,100.000000000000000,1,900.000000000000000,100.000000000000000
mi_b,L2,2025-05-25 05:15:00,20250525,51500,2025-05-25 06:15:00,6,2025-05-25,0.002667822222222,0.010671288888889,0.010671288888889,15.000000000000000,900.000000000000000,100.000000000000000,1,900.000000000000000,100.000000000000000
mi_b,L3,2025-05-25 05:15:00,20250525,51500,2025-05-25 06:15:00,6,2025-05-25,0.002671955555556,0.010687822222222,0.010687822222222,15.000000000000000,900.000000000000000,100.000000000000000,1,900.000000000000000,100.000000000000000
mi_b,ALL,2025-05-25 05:15:00,20250525,51500,2025-05-25 06:15:00,6,2025-05-25,0.008007766666667,0.032031066666667,0.010677022222222,15.000000000000000,900.000000000000000,100.000000000000000,1,900.000000000000000,100.000000000000000
mi_b,L1,2025-05-25 05:30:00,20250525,53000,2025-05-25 06:30:00,6,2025-05-25,0.001518444444444,0.006073777777778,0.006073777777778,15.000000000000000,900.000000000000000,100.000000000000000,1,900.000000000000000,100.000000000000000
mi_b,L2,2025-05-25 05:30:00,20250525,53000,2025-05-25 06:30:00,6,2025-05-25,0.001516572222222,0.006066288888889,0.006066288888889,15.000000000000000,900.000000000000000,100.000000000000000,1,900.000000000000000,100.000000000000000
mi_b,L3,2025-05-25 05:30:00,20250525,53000,2025-05-25 06:30:00,6,2025-05-25,0.001517788888889,0.006071155555556,0.006071155555556,15.000000000000000,900.000000000000000,100.000000000000000,1,900.000000000000000,100.000000000000000
mi_b,ALL,2025-05-25 05:30:00,20250525,53000,2025-05-25 06:30:00,6,2025-05-25,0.004552805555556,0.018211222222222,0.006070407407407,15.000000000000000,900.000000000000000,100.000000000000000,1,900.000000000000000,100.000000000000000
mi_b,L1,2025-05-25 05:45:00,20250525,54500,2025-05-25 06:45:00,6,2025-05-25,0.002367297222222,0.009469188888889,0.009469188888889,15.000000000000000,900.000000000000000,100.000000000000000,1,900.000000000000000,100.000000000000000
mi_b,L2,2025-05-25 05:45:00,20250525,54500,2025-05-25 06:45:00,6,2025-05-25,0.002367875000000,0.009471500000000,0.009471500000000,15.000000000000000,900.000000000000000,100.000000000000000,1,900.000000000000000,100.000000000000000
mi_b,L3,2025-05-25 05:45:00,20250525,54500,2025-05-25 06:45:00,6,2025-05-25,0.002371269444444,0.009485077777778,0.009485077777778,15.000000000000000,900.000000000000000,100.000000000000000,1,900.000000000000000,100.000000000000000
mi_b,ALL,2025-05-25 05:45:00,20250525,54500,2025-05-25 06:45:00,6,2025-05-25,0.007106441666667,0.028425766666667,0.009475255555556,15.000000000000000,900.000000000000000,100.000000000000000,1,900.000000000000000,100.000000000000000
mi_b,L1,2025-05-25 06:00:00,20250525,60000,2025-05-25 07:00:00,7,2025-05-25,0.003678100000000,0.014712400000000,0.014712400000000,15.000000000000000,900.000000000000000,100.000000000000000,1,900.000000000000000,100.000000000000000
mi_b,L2,2025-05-25 06:00:00,20250525,60000,2025-05-25 07:00:00,7,2025-05-25,0.003679277777778,0.014717111111111,0.014717111111111,15.000000000000000,900.000000000000000,100.000000000000000,1,900.000000000000000,100.000000000000000
mi_b,L3,2025-05-25 06:00:00,20250525,60000,2025-05-25 07:00:00,7,2025-05-25,0.003682386111111,0.014729544444444,0.014729544444444,15.000000000000000,900.000000000000000,100.000000000000000,1,900.000000000000000,100.000000000000000
mi_b,ALL,2025-05-25 06:00:00,20250525,60000,2025-05-25 07:00:00,7,2025-05-25,0.011039763888889,0.044159055555556,0.014719685185185,15.000000000000000,900.000000000000000,100.000000000000000,1,900.000000000000000,100.000000000000000
mi_b,L1,2025-05-25 06:15:00,20250525,61500,2025-05-25 07:15:00,7,2025-05-25,0.003259319444444,0.013037277777778,0.013037277777778,15.000000000000000,900.000000000000000,100.000000000000000,1,900.000000000000000,100.000000000000000
mi_b,L2,2025-05-25 06:15:00,20250525,61500,2025-05-25 07:15:00,7,2025-05-25,0.003257091666667,0.013028366666667,0.013028366666667,15.000000000000000,900.000000000000000,100.000000000000000,1,900.000000000000000,100.000000000000000
mi_b,L3,2025-05-25 06:15:00,20250525,61500,2025-05-25 07:15:00,7,2025-05-25,0.003261650000000,0.013046600000000,0.013046600000000,15.000000000000000,900.000000000000000,100.000000000000000,1,900.000000000000000,100.000000000000000
mi_b,ALL,2025-05-25 06:15:00,20250525,61500,2025-05-25 07:15:00,7,2025-05-25,0.009778061111111,0.039112244444444,0.013037414814815,15.000000000000000,900.000000000000000,100.000000000000000,1,900.000000000000000,100.000000000000000
mi_b,L1,2025-05-25 06:30:00,20250525,63000,2025-05-25 07:30:00,7,2025-05-25,0.006274250000000,0.025097000000000,0.025097000000000,15.000000000000000,900.000000000000000,100.000000000000000,1,900.000000000000000,100.000000000000000
mi_b,L2,2025-05-25 06:30:00,20250525,63000,2025-05-25 07:30:00,7,2025-05-25,0.006279233333333,0.025116933333333,0.025116933333333,15.000000000000000,900.000000000000000,100.000000000000000,1,900.000000000000000,100.000000000000000
mi_b,L3,2025-05-25 06:30:00,20250525,63000,2025-05-25 07:30:00,7,2025-05-25,0.006287391666667,0.025149566666667,0.025149566666667,15.000000000000000,900.000000000000000,100.000000000000000,1,900.000000000000000,100.000000000000000
mi_b,ALL,2025-05-25 06:30:00,20250525,63000,2025-05-25 07:30:00,7,2025-05-25,0.018840875000000,0.075363500000000,0.025121166666667,15.000000000000000,900.000000000000000,100.000000000000000,1,900.000000000000000,100.000000000000000
mi_b,L1,2025-05-25 06:45:00,20250525,64500,2025-05-25 07:45:00,7,2025-05-25,0.008858063888889,0.035432255555556,0.035432255555556,15.000000000000000,900.000000000000000,100.000000000000000,1,900.000000000000000,100.000000000000000
mi_b,L2,2025-05-25 06:45:00,20250525,64500,2025-05-25 07:45:00,7,2025-05-25,0.008863119444444,0.035452477777778,0.035452477777778,15.000000000000000,900.000000000000000,100.000000000000000,1,900.000000000000000,100.000000000000000
mi_b,L3,2025-05-25 06:45:00,20250525,64500,2025-05-25 07:45:00,7,2025-05-25,0.008870219444444,0.035480877777778,0.035480877777778,15.000000000000000,900.000000000000000,100.000000000000000,1,900.000000000000000,100.000000000000000
mi_b,ALL,2025-05-25 06:45:00,20250525,64500,2025-05-25 07:45:00,7,2025-05-25,0.026591402777778,0.106365611111111,0.035455203703704,15.000000000000000,900.000000000000000,100.000000000000000,1,900.000000000000000,100.000000000000000
mi_b,L1,2025-05-25 07:00:00,20250525,70000,2025-05-25 08:00:00,8,2025-05-25,0.010799355555556,0.043197422222222,0.043197422222222,15.000000000000000,900.000000000000000,100.000000000000000,1,900.000000000000000,100.000000000000000
mi_b,L2,2025-05-25 07:00:00,20250525,70000,2025-05-25 08:00:00,8,2025-05-25,0.010796936111111,0.043187744444444,0.043187744444444,15.000000000000000,900.000000000000000,100.000000000000000,1,900.000000000000000,100.000000000000000
mi_b,L3,2025-05-25 07:00:00,20250525,70000,2025-05-25 08:00:00,8,2025-05-25,0.010803933333333,0.043215733333333,0.043215733333333,15.000000000000000,900.000000000000000,100.000000000000000,1,900.000000000000000,100.000000000000000
mi_b,ALL,2025-05-25 07:00:00,20250525,70000,2025-05-25 08:00:00,8,2025-05-25,0.032400225000000,0.129600900000000,0.043200300000000,15.000000000000000,900.000000000000000,100.000000000000000,1,900.000000000000000,100.000000000000000
mi_b,L1,2025-05-25 07:15:00,20250525,71500,2025-05-25 08:15:00,8,2025-05-25,0.010383730555556,0.041534922222222,0.041534922222222,15.000000000000000,900.000000000000000,100.000000000000000,1,900.000000000000000,100.000000000000000
mi_b,L2,2025-05-25 07:15:00,20250525,71500,2025-05-25 08:15:00,8,2025-05-25,0.010387305555556,0.041549222222222,0.041549222222222,15.000000000000000,900.000000000000000,100.000000000000000,1,900.000000000000000,100.000000000000000
mi_b,L3,2025-05-25 07:15:00,20250525,71500,2025-05-25 08:15:00,8,2025-05-25,0.010394486111111,0.041577944444444,0.041577944444444,15.000000000000000,900.000000000000000,100.000000000000000,1,900.000000000000000,100.000000000000000
mi_b,ALL,2025-05-25 07:15:00,20250525,71500,2025-05-25 08:15:00,8,2025-05-25,0.031165522222222,0.124662088888889,0.041554029629630,15.000000000000000,900.000000000000000,100.000000000000000,1,900.000000000000000,100.000000000000000
mi_b,L1,2025-05-25 07:30:00,20250525,73000,2025-05-25 08:30:00,8,2025-05-25,0.007504408333333,0.030017633333333,0.030017633333333,15.000000000000000,900.000000000000000,100.000000000000000,1,900.000000000000000,100.000000000000000
mi_b,L2,2025-05-25 07:30:00,20250525,73000,2025-05-25 08:30:00,8,2025-05-25,0.007509272222222,0.030037088888889,0.030037088888889,15.000000000000000,900.000000000000000,100.000000000000000,1,900.000000000000000,100.000000000000000
mi_b,L3,2025-05-25 07:30:00,20250525,73000,2025-05-25 08:30:00,8,2025-05-25,0.007513372222222,0.030053488888889,0.030053488888889,15.000000000000000,900.000000000000000,100.000000000000000,1,900.000000000000000,100.000000000000000
mi_b,ALL,2025-05-25 07:30:00,20250525,73000,2025-05-25 08:30:00,8,2025-05-25,0.022527052777778,0.090108211111111,0.030036070370370,15.000000000000000,900.000000000000000,100.000000000000000,1,900.000000000000000,100.000000000000000
mi_b,L1,2025-05-25 07:45:00,20250525,74500,2025-05-25 08:45:00,8,2025-05-25,0.010376305555556,0.041505222222222,0.041505222222222,15.000000000000000,900.000000000000000,100.000000000000000,1,900.000000000000000,100.000000000000000
mi_b,L2,2025-05-25 07:45:00,20250525,74500,2025-05-25 08:45:00,8,2025-05-25,0.010386066666667,0.041544266666667,0.041544266666667,15.000000000000000,900.000000000000000,100.000000000000000,1,900.000000000000000,100.000000000000000
mi_b,L3,2025-05-25 07:45:00,20250525,74500,2025-05-25 08:45:00,8,2025-05-25,0.010405811111111,0.041623244444444,0.041623244444444,15.000000000000000,900.000000000000000,100.000000000000000,1,900.000000000000000,100.000000000000000
mi_b,ALL,2025-05-25 07:45:00,20250525,74500,2025-05-25 08:45:00,8,2025-05-25,0.031168183333333,0.124672733333333,0.041557577777778,15.000000000000000,900.000000000000000,100.000000000000000,1,900.000000000000000,100.000000000000000
mi_b,L1,2025-05-25 08:00:00,20250525,80000,2025-05-25 09:00:00,9,2025-05-25,0.009046550000000,0.036186200000000,0.036186200000000,15.000000000000000,900.000000000000000,100.000000000000000,1,900.000000000000000,100.000000000000000
mi_b,L2,2025-05-25 08:00:00,20250525,80000,2025-05-25 09:00:00,9,2025-05-25,0.009057916666667,0.036231666666667,0.036231666666667,15.000000000000000,900.000000000000000,100.000000000000000,1,900.000000000000000,100.000000000000000
mi_b,L3,2025-05-25 08:00:00,20250525,80000,2025-05-25 09:00:00,9,2025-05-25,0.009070183333333,0.036280733333333,0.036280733333333,15.000000000000000,900.000000000000000,100.000000000000000,1,900.000000000000000,100.000000000000000
mi_b,ALL,2025-05-25 08:00:00,20250525,80000,2025-05-25 09:00:00,9,2025-05-25,0.027174650000000,0.108698600000000,0.036232866666667,15.000000000000000,900.000000000000000,100.000000000000000,1,900.000000000000000,100.000000000000000
mi_b,L1,2025-05-25 08:15:00,20250525,81500,2025-05-25 09:15:00,9,2025-05-25,0.010195766666667,0.040783066666667,0.040783066666667,15.000000000000000,900.000000000000000,100.000000000000000,1,900.000000000000000,100.000000000000000
mi_b,L2,2025-05-25 08:15:00,20250525,81500,2025-05-25 09:15:00,9,2025-05-25,0.010194227777778,0.040776911111111,0.040776911111111,15.000000000000000,900.000000000000000,100.000000000000000,1,900.000000000000000,100.000000000000000
mi_b,L3,2025-05-25 08:15:00,20250525,81500,2025-05-25 09:15:00,9,2025-05-25,0.010209041666667,0.040836166666667,0.040836166666667,15.000000000000000,900.000000000000000,100.000000000000000,1,900.000000000000000,100.000000000000000
mi_b,ALL,2025-05-25 08:15:00,20250525,81500,2025-05-25 09:15:00,9,2025-05-25,0.030599036111111,0.122396144444444,0.040798714814815,15.000000000000000,900.000000000000000,100.000000000000000,1,900.000000000000000,100.000000000000000
mi_b,L1,2025-05-25 08:30:00,20250525,83000,2025-05-25 09:30:00,9,2025-05-25,0.012533958333333,0.050135833333333,0.050135833333333,15.000000000000000,900.000000000000000,100.000000000000000,1,900.000000000000000,100.000000000000000
mi_b,L2,2025-05-25 08:30:00,20250525,83000,2025-05-25 09:30:00,9,2025-05-25,0.012526416666667,0.050105666666667,0.050105666666666,15.000000000000000,900.000000000000000,100.000000000000000,1,900.000000000000000,100.000000000000000
mi_b,L3,2025-05-25 08:30:00,20250525,83000,2025-05-25 09:30:00,9,2025-05-25,0.012549427777778,0.050197711111111,0.050197711111111,15.000000000000000,900.000000000000000,100.000000000000000,1,900.000000000000000,100.000000000000000
mi_b,ALL,2025-05-25 08:30:00,20250525,83000,2025-05-25 09:30:00,9,2025-05-25,0.037609802777778,0.150439211111111,0.050146403703704,15.000000000000000,900.000000000000000,100.000000000000000,1,900.000000000000000,100.000000000000000
mi_b,L1,2025-05-25 08:45:00,20250525,84500,2025-05-25 09:45:00,9,2025-05-25,0.007102052777778,0.028408211111111,0.028408211111111,15.000000000000000,900.000000000000000,100.000000000000000,1,900.000000000000000,100.000000000000000
mi_b,L2,2025-05-25 08:45:00,20250525,84500,2025-05-25 09:45:00,9,2025-05-25,0.007111019444444,0.028444077777778,0.028444077777778,15.000000000000000,900.000000000000000,100.000000000000000,1,900.000000000000000,100.000000000000000
mi_b,L3,2025-05-25 08:45:00,20250525,84500,2025-05-25 09:45:00,9,2025-05-25,0.007122800000000,0.028491200000000,0.028491200000000,15.000000000000000,900.000000000000000,100.000000000000000,1,900.000000000000000,100.000000000000000
mi_b,ALL,2025-05-25 08:45:00,20250525,84500,2025-05-25 09:45:00,9,2025-05-25,0.021335872222222,0.085343488888889,0.028447829629630,15.000000000000000,900.000000000000000,100.000000000000000,1,900.000000000000000,100.000000000000000
mi_b,L1,2025-05-25 09:00:00,20250525,90000,2025-05-25 10:00:00,10,2025-05-25,0.011273386111111,0.045093544444444,0.045093544444444,15.000000000000000,900.000000000000000,100.000000000000000,1,900.000000000000000,100.000000000000000
mi_b,L2,2025-05-25 09:00:00,20250525,90000,2025-05-25 10:00:00,10,2025-05-25,0.011295458333333,0.045181833333333,0.045181833333333,15.000000000000000,900.000000000000000,100.000000000000000,1,900.000000000000000,100.000000000000000
mi_b,L3,2025-05-25 09:00:00,20250525,90000,2025-05-25 10:00:00,10,2025-05-25,0.011309825000000,0.045239300000000,0.045239300000000,15.000000000000000,900.000000000000000,100.000000000000000,1,900.000000000000000,100.000000000000000
mi_b,ALL,2025-05-25 09:00:00,20250525,90000,2025-05-25 10:00:00,10,2025-05-25,0.033878669444444,0.135514677777778,0.045171559259259,15.000000000000000,900.000000000000000,100.000000000000000,1,900.000000000000000,100.000000000000000
mi_b,L1,2025-05-25 09:15:00,20250525,91500,2025-05-25 10:15:00,10,2025-05-25,0.010390972222222,0.041563888888889,0.041563888888889,15.000000000000000,900.000000000000000,100.000000000000000,1,900.000000000000000,100.000000000000000
mi_b,L2,2025-05-25 09:15:00,20250525,91500,2025-05-25 10:15:00,10,2025-05-25,0.010408255555556,0.041633022222222,0.041633022222222,15.000000000000000,900.000000000000000,100.000000000000000,1,900.000000000000000,100.000000000000000
mi_b,L3,2025-05-25 09:15:00,20250525,91500,2025-05-25 10:15:00,10,2025-05-25,0.010433488888889,0.041733955555556,0.041733955555556,15.000000000000000,900.000000000000000,100.000000000000000,1,900.000000000000000,100.000000000000000
mi_b,ALL,2025-05-25 09:15:00,20250525,91500,2025-05-25 10:15:00,10,2025-05-25,0.031232716666667,0.124930866666667,0.041643622222222,15.000000000000000,900.000000000000000,100.000000000000000,1,900.000000000000000,100.000000000000000
mi_b,L1,2025-05-25 09:30:00,20250525,93000,2025-05-25 10:30:00,10,2025-05-25,0.013214550000000,0.052858200000000,0.052858200000000,15.000000000000000,900.000000000000000,100.000000000000000,1,900.000000000000000,100.000000000000000
mi_b,L2,2025-05-25 09:30:00,20250525,93000,2025-05-25 10:30:00,10,2025-05-25,0.013251897222222,0.053007588888889,0.053007588888889,15.000000000000000,900.000000000000000,100.000000000000000,1,900.000000000000000,100.000000000000000
mi_b,L3,2025-05-25 09:30:00,20250525,93000,2025-05-25 10:30:00,10,2025-05-25,0.013277775000000,0.053111100000000,0.053111100000000,15.000000000000000,900.000000000000000,100.000000000000000,1,900.000000000000000,100.000000000000000
mi_b,ALL,2025-05-25 09:30:00,20250525,93000,2025-05-25 10:30:00,10,2025-05-25,0.039744222222222,0.158976888888889,0.052992296296296,15.000000000000000,900.000000000000000,100.000000000000000,1,900.000000000000000,100.000000000000000
mi_b,L1,2025-05-25 09:45:00,20250525,94500,2025-05-25 10:45:00,10,2025-05-25,0.009628388888889,0.038513555555556,0.038513555555555,15.000000000000000,900.000000000000000,100.000000000000000,1,900.000000000000000,100.000000000000000
mi_b,L2,2025-05-25 09:45:00,20250525,94500,2025-05-25 10:45:00,10,2025-05-25,0.009646616666667,0.038586466666667,0.038586466666667,15.000000000000000,900.000000000000000,100.000000000000000,1,900.000000000000000,100.000000000000000
mi_b,L3,2025-05-25 09:45:00,20250525,94500,2025-05-25 10:45:00,10,2025-05-25,0.009667219444444,0.038668877777778,0.038668877777778,15.000000000000000,900.000000000000000,100.000000000000000,1,900.000000000000000,100.000000000000000
mi_b,ALL,2025-05-25 09:45:00,20250525,94500,2025-05-25 10:45:00,10,2025-05-25,0.028942225000000,0.115768900000000,0.038589633333333,15.000000000000000,900.000000000000000,100.000000000000000,1,900.000000000000000,100.000000000000000
mi_b,L1,2025-05-25 10:00:00,20250525,100000,2025-05-25 11:00:00,11,2025-05-25,0.012621986111111,0.050487944444444,0.050487944444444,15.000000000000000,900.000000000000000,100.000000000000000,1,900.000000000000000,100.000000000000000
mi_b,L2,2025-05-25 10:00:00,20250525,100000,2025-05-25 11:00:00,11,2025-05-25,0.012639008333333,0.050556033333333,0.050556033333333,15.000000000000000,900.000000000000000,100.000000000000000,1,900.000000000000000,100.000000000000000
mi_b,L3,2025-05-25 10:00:00,20250525,100000,2025-05-25 11:00:00,11,2025-05-25,0.012686158333333,0.050744633333333,0.050744633333333,15.000000000000000,900.000000000000000,100.000000000000000,1,900.000000000000000,100.000000000000000
mi_b,ALL,2025-05-25 10:00:00,20250525,100000,2025-05-25 11:00:00,11,2025-05-25,0.037947152777778,0.151788611111111,0.050596203703704,15.000000000000000,900.000000000000000,100.000000000000000,1,900.000000000000000,100.000000000000000
mi_b,L1,2025-05-25 10:15:00,20250525,101500,2025-05-25 11:15:00,11,2025-05-25,0.012275972222222,0.049103888888889,0.049103888888889,15.000000000000000,900.000000000000000,100.000000000000000,1,900.000000000000000,100.000000000000000
mi_b,L2,2025-05-25 10:15:00,20250525,101500,2025-05-25 11:15:00,11,2025-05-25,0.012281211111111,0.049124844444445,0.049124844444444,15.000000000000000,900.000000000000000,100.000000000000000,1,900.000000000000000,100.000000000000000
mi_b,L3,2025-05-25 10:15:00,20250525,101500,2025-05-25 11:15:00,11,2025-05-25,0.012315250000000,0.049261000000000,0.049261000000000,15.000000000000000,900.000000000000000,100.000000000000000,1,900.000000000000000,100.000000000000000
mi_b,ALL,2025-05-25 10:15:00,20250525,101500,2025-05-25 11:15:00,11,2025-05-25,0.036872433333333,0.147489733333333,0.049163244444444,15.000000000000000,900.000000000000000,100.000000000000000,1,900.000000000000000,100.000000000000000
mi_b,L1,2025-05-25 10:30:00,20250525,103000,2025-05-25 11:30:00,11,2025-05-25,0.012344502777778,0.049378011111111,0.049378011111111,15.000000000000000,900.000000000000000,100.000000000000000,1,900.000000000000000,100.000000000000000
mi_b,L2,2025-05-25 10:30:00,20250525,103000,2025-05-25 11:30:00,11,2025-05-25,0.012345133333333,0.049380533333333,0.049380533333333,15.000000000000000,900.000000000000000,100.000000000000000,1,900.000000000000000,100.000000000000000
mi_b,L3,2025-05-25 10:30:00,20250525,103000,2025-05-25 11:30:00,11,2025-05-25,0.012384413888889,0.049537655555555,0.049537655555556,15.000000000000000,900.000000000000000,100.000000000000000,1,900.000000000000000,100.000000000000000
mi_b,ALL,2025-05-25 10:30:00,20250525,103000,2025-05-25 11:30:00,11,2025-05-25,0.037074050000000,0.148296200000000,0.049432066666667,15.000000000000000,900.000000000000000,100.000000000000000,1,900.000000000000000,100.000000000000000
mi_b,L1,2025-05-25 10:45:00,20250525,104500,2025-05-25 11:45:00,11,2025-05-25,0.012684136111111,0.050736544444444,0.050736544444444,15.000000000000000,900.000000000000000,100.000000000000000,1,900.000000000000000,100.000000000000000
mi_b,L2,2025-05-25 10:45:00,20250525,104500,2025-05-25 11:45:00,11,2025-05-25,0.012691633333333,0.050766533333333,0.050766533333333,15.000000000000000,900.000000000000000,100.000000000000000,1,900.000000000000000,100.000000000000000
mi_b,L3,2025-05-25 10:45:00,20250525,104500,2025-05-25 11:45:00,11,2025-05-25,0.012711541666667,0.050846166666667,0.050846166666667,15.000000000000000,900.000000000000000,100.000000000000000,1,900.000000000000000,100.000000000000000
mi_b,ALL,2025-05-25 10:45:00,20250525,104500,2025-05-25 11:45:00,11,2025-05-25,0.038087311111111,0.152349244444445,0.050783081481481,15.000000000000000,900.000000000000000,100.000000000000000,1,900.000000000000000,100.000000000000000
mi_b,L1,2025-05-25 11:00:00,20250525,110000,2025-05-25 12:00:00,12,2025-05-25,0.010995583333333,0.043982333333333,0.043982333333333,15.000000000000000,900.000000000000000,100.000000000000000,1,900.000000000000000,100.000000000000000
mi_b,L2,2025-05-25 11:00:00,20250525,110000,2025-05-25 12:00:00,12,2025-05-25,0.011000361111111,0.044001444444444,0.044001444444444,15.000000000000000,900.000000000000000,100.000000000000000,1,900.000000000000000,100.000000000000000
mi_b,L3,2025-05-25 11:00:00,20250525,110000,2025-05-25 12:00:00,12,2025-05-25,0.011032786111111,0.044131144444444,0.044131144444445,15.000000000000000,900.000000000000000,100.000000000000000,1,900.000000000000000,100.000000000000000
mi_b,ALL,2025-05-25 11:00:00,20250525,110000,2025-05-25 12:00:00,12,2025-05-25,0.033028730555556,0.132114922222222,0.044038307407407,15.000000000000000,900.000000000000000,100.000000000000000,1,900.000000000000000,100.000000000000000
mi_b,L1,2025-05-25 11:15:00,20250525,111500,2025-05-25 12:15:00,12,2025-05-25,0.010828252777778,0.043313011111111,0.043313011111111,15.000000000000000,900.000000000000000,100.000000000000000,1,900.000000000000000,100.000000000000000
mi_b,L2,2025-05-25 11:15:00,20250525,111500,2025-05-25 12:15:00,12,2025-05-25,0.010852725000000,0.043410900000000,0.043410900000000,15.000000000000000,900.000000000000000,100.000000000000000,1,900.000000000000000,100.000000000000000
mi_b,L3,2025-05-25 11:15:00,20250525,111500,2025-05-25 12:15:00,12,2025-05-25,0.010876755555556,0.043507022222222,0.043507022222222,15.000000000000000,900.000000000000000,100.000000000000000,1,900.000000000000000,100.000000000000000
mi_b,ALL,2025-05-25 11:15:00,20250525,111500,2025-05-25 12:15:00,12,2025-05-25,0.032557733333333,0.130230933333333,0.043410311111111,15.000000000000000,900.000000000000000,100.000000000000000,1,900.000000000000000,100.000000000000000
mi_b,L1,2025-05-25 11:30:00,20250525,113000,2025-05-25 12:30:00,12,2025-05-25,0.011703644444444,0.046814577777778,0.046814577777778,15.000000000000000,900.000000000000000,100.000000000000000,1,900.000000000000000,100.000000000000000
mi_b,L2,2025-05-25 11:30:00,20250525,113000,2025-05-25 12:30:00,12,2025-05-25,0.011717255555556,0.046869022222222,0.046869022222222,15.000000000000000,900.000000000000000,100.000000000000000,1,900.000000000000000,100.000000000000000
mi_b,L3,2025-05-25 11:30:00,20250525,113000,2025-05-25 12:30:00,12,2025-05-25,0.011736500000000,0.046946000000000,0.046946000000000,15.000000000000000,900.000000000000000,100.000000000000000,1,900.000000000000000,100.000000000000000
mi_b,ALL,2025-05-25 11:30:00,20250525,113000,2025-05-25 12:30:00,12,2025-05-25,0.035157400000000,0.140629600000000,0.046876533333333,15.000000000000000,900.000000000000000,100.000000000000000,1,900.000000000000000,100.000000000000000
mi_b,L1,2025-05-25 11:45:00,20250525,114500,2025-05-25 12:45:00,12,2025-05-25,0.013174933333333,0.052699733333333,0.052699733333333,15.000000000000000,900.000000000000000,100.000000000000000,1,900.000000000000000,100.000000000000000
mi_b,L2,2025-05-25 11:45:00,20250525,114500,2025-05-25 12:45:00,12,2025-05-25,0.013194241666667,0.052776966666667,0.052776966666667,15.000000000000000,900.000000000000000,100.000000000000000,1,900.000000000000000,100.000000000000000
mi_b,L3,2025-05-25 11:45:00,20250525,114500,2025-05-25 12:45:00,12,2025-05-25,0.013223333333333,0.052893333333333,0.052893333333333,15.000000000000000,900.000000000000000,100.000000000000000,1,900.000000000000000,100.000000000000000
mi_b,ALL,2025-05-25 11:45:00,20250525,114500,2025-05-25 12:45:00,12,2025-05-25,0.039592508333333,0.158370033333333,0.052790011111111,15.000000000000000,900.000000000000000,100.000000000000000,1,900.000000000000000,100.000000000000000
mi_b,L1,2025-05-25 12:00:00,20250525,120000,2025-05-25 13:00:00,13,2025-05-25,0.011447091666667,0.045788366666667,0.045788366666667,15.000000000000000,900.000000000000000,100.000000000000000,1,900.000000000000000,100.000000000000000
mi_b,L2,2025-05-25 12:00:00,20250525,120000,2025-05-25 13:00:00,13,2025-05-25,0.011457161111111,0.045828644444444,0.045828644444444,15.000000000000000,900.000000000000000,100.000000000000000,1,900.000000000000000,100.000000000000000
mi_b,L3,2025-05-25 12:00:00,20250525,120000,2025-05-25 13:00:00,13,2025-05-25,0.011504880555556,0.046019522222222,0.046019522222222,15.000000000000000,900.000000000000000,100.000000000000000,1,900.000000000000000,100.000000000000000
mi_b,ALL,2025-05-25 12:00:00,20250525,120000,2025-05-25 13:00:00,13,2025-05-25,0.034409133333333,0.137636533333333,0.045878844444444,15.000000000000000,900.000000000000000,100.000000000000000,1,900.000000000000000,100.000000000000000
mi_b,L1,2025-05-25 12:15:00,20250525,121500,2025-05-25 13:15:00,13,2025-05-25,0.010700786111111,0.042803144444445,0.042803144444444,15.000000000000000,900.000000000000000,100.000000000000000,1,900.000000000000000,100.000000000000000
mi_b,L2,2025-05-25 12:15:00,20250525,121500,2025-05-25 13:15:00,13,2025-05-25,0.010712766666667,0.042851066666667,0.042851066666667,15.000000000000000,900.000000000000000,100.000000000000000,1,900.000000000000000,100.000000000000000
mi_b,L3,2025-05-25 12:15:00,20250525,121500,2025-05-25 13:15:00,13,2025-05-25,0.010762352777778,0.043049411111111,0.043049411111111,15.000000000000000,900.000000000000000,100.000000000000000,1,900.000000000000000,100.000000000000000
mi_b,ALL,2025-05-25 12:15:00,20250525,121500,2025-05-25 13:15:00,13,2025-05-25,0.032175905555556,0.128703622222222,0.042901207407407,15.000000000000000,900.000000000000000,100.000000000000000,1,900.000000000000000,100.000000000000000
mi_b,L1,2025-05-25 12:30:00,20250525,123000,2025-05-25 13:30:00,13,2025-05-25,0.013445113888889,0.053780455555555,0.053780455555556,15.000000000000000,900.000000000000000,100.000000000000000,1,900.000000000000000,100.000000000000000
mi_b,L2,2025-05-25 12:30:00,20250525,123000,2025-05-25 13:30:00,13,2025-05-25,0.013462511111111,0.053850044444444,0.053850044444445,15.000000000000000,900.000000000000000,100.000000000000000,1,900.000000000000000,100.000000000000000
mi_b,L3,2025-05-25 12:30:00,20250525,123000,2025-05-25 13:30:00,13,2025-05-25,0.013490863888889,0.053963455555555,0.053963455555556,15.000000000000000,900.000000000000000,100.000000000000000,1,900.000000000000000,100.000000000000000
mi_b,ALL,2025-05-25 12:30:00,20250525,123000,2025-05-25 13:30:00,13,2025-05-25,0.040398488888889,0.161593955555555,0.053864651851852,15.000000000000000,900.000000000000000,100.000000000000000,1,900.000000000000000,100.000000000000000
mi_b,L1,2025-05-25 12:45:00,20250525,124500,2025-05-25 13:45:00,13,2025-05-25,0.010484408333333,0.041937633333333,0.041937633333333,15.000000000000000,900.000000000000000,100.000000000000000,1,900.000000000000000,100.000000000000000
mi_b,L2,2025-05-25 12:45:00,20250525,124500,2025-05-25 13:45:00,13,2025-05-25,0.010500736111111,0.042002944444444,0.042002944444444,15.000000000000000,900.000000000000000,100.000000000000000,1,900.000000000000000,100.000000000000000
mi_b,L3,2025-05-25 12:45:00,20250525,124500,2025-05-25 13:45:00,13,2025-05-25,0.010522830555556,0.042091322222222,0.042091322222222,15.000000000000000,900.000000000000000,100.000000000000000,1,900.000000000000000,100.000000000000000
mi_b,ALL,2025-05-25 12:45:00,20250525,124500,2025-05-25 13:45:00,13,2025-05-25,0.031507975000000,0.126031900000000,0.042010633333333,15.000000000000000,900.000000000000000,100.000000000000000,1,900.000000000000000,100.000000000000000
mi_b,L1,2025-05-25 13:00:00,20250525,130000,2025-05-25 14:00:00,14,2025-05-25,0.009671997222222,0.038687988888889,0.038687988888889,15.000000000000000,900.000000000000000,100.000000000000000,1,900.000000000000000,100.000000000000000
mi_b,L2,2025-05-25 13:00:00,20250525,130000,2025-05-25 14:00:00,14,2025-05-25,0.009702283333333,0.038809133333333,0.038809133333333,15.000000000000000,900.000000000000000,100.000000000000000,1,900.000000000000000,100.000000000000000
mi_b,L3,2025-05-25 13:00:00,20250525,130000,2025-05-25 14:00:00,14,2025-05-25,0.009719180555556,0.038876722222222,0.038876722222222,15.000000000000000,900.000000000000000,100.000000000000000,1,900.000000000000000,100.000000000000000
mi_b,ALL,2025-05-25 13:00:00,20250525,130000,2025-05-25 14:00:00,14,2025-05-25,0.029093461111111,0.116373844444444,0.038791281481481,15.000000000000000,900.000000000000000,100.000000000000000,1,900.000000000000000,100.000000000000000
mi_b,L1,2025-05-25 13:15:00,20250525,131500,2025-05-25 14:15:00,14,2025-05-25,0.011284244444444,0.045136977777778,0.045136977777778,15.000000000000000,900.000000000000000,100.000000000000000,1,900.000000000000000,100.000000000000000
mi_b,L2,2025-05-25 13:15:00,20250525,131500,2025-05-25 14:15:00,14,2025-05-25,0.011289369444444,0.045157477777778,0.045157477777778,15.000000000000000,900.000000000000000,100.000000000000000,1,900.000000000000000,100.000000000000000
mi_b,L3,2025-05-25 13:15:00,20250525,131500,2025-05-25 14:15:00,14,2025-05-25,0.011322097222222,0.045288388888889,0.045288388888889,15.000000000000000,900.000000000000000,100.000000000000000,1,900.000000000000000,100.000000000000000
mi_b,ALL,2025-05-25 13:15:00,20250525,131500,2025-05-25 14:15:00,14,2025-05-25,0.033895711111111,0.135582844444444,0.045194281481482,15.000000000000000,900.000000000000000,100.000000000000000,1,900.000000000000000,100.000000000000000
mi_b,L1,2025-05-25 13:30:00,20250525,133000,2025-05-25 14:30:00,14,2025-05-25,0.009234519444444,0.036938077777778,0.036938077777778,15.000000000000000,900.000000000000000,100.000000000000000,1,900.000000000000000,100.000000000000000
mi_b,L2,2025-05-25 13:30:00,20250525,133000,2025-05-25 14:30:00,14,2025-05-25,0.009239486111111,0.036957944444444,0.036957944444444,15.000000000000000,900.000000000000000,100.000000000000000,1,900.000000000000000,100.000000000000000
mi_b,L3,2025-05-25 13:30:00,20250525,133000,2025-05-25 14:30:00,14,2025-05-25,0.009267008333333,0.037068033333333,0.037068033333333,15.000000000000000,900.000000000000000,100.000000000000000,1,900.000000000000000,100.000000000000000
mi_b,ALL,2025-05-25 13:30:00,20250525,133000,2025-05-25 14:30:00,14,2025-05-25,0.027741013888889,0.110964055555556,0.036988018518519,15.000000000000000,900.000000000000000,100.000000000000000,1,900.000000000000000,100.000000000000000
mi_b,L1,2025-05-25 13:45:00,20250525,134500,2025-05-25 14:45:00,14,2025-05-25,0.011381008333333,0.045524033333333,0.045524033333333,15.000000000000000,900.000000000000000,100.000000000000000,1,900.000000000000000,100.000000000000000
mi_b,L2,2025-05-25 13:45:00,20250525,134500,2025-05-25 14:45:00,14,2025-05-25,0.011383194444444,0.045532777777778,0.045532777777778,15.000000000000000,900.000000000000000,100.000000000000000,1,900.000000000000000,100.000000000000000
mi_b,L3,2025-05-25 13:45:00,20250525,134500,2025-05-25 14:45:00,14,2025-05-25,0.011420008333333,0.045680033333333,0.045680033333333,15.000000000000000,900.000000000000000,100.000000000000000,1,900.000000000000000,100.000000000000000
mi_b,ALL,2025-05-25 13:45:00,20250525,134500,2025-05-25 14:45:00,14,2025-05-25,0.034184211111111,0.136736844444444,0.045578948148148,15.000000000000000,900.000000000000000,100.000000000000000,1,900.000000000000000,100.000000000000000
mi_b,L1,2025-05-25 14:00:00,20250525,140000,2025-05-25 15:00:00,15,2025-05-25,0.010773852777778,0.043095411111111,0.043095411111111,15.000000000000000,900.000000000000000,100.000000000000000,1,900.000000000000000,100.000000000000000
mi_b,L2,2025-05-25 14:00:00,20250525,140000,2025-05-25 15:00:00,15,2025-05-25,0.010786544444444,0.043146177777778,0.043146177777778,15.000000000000000,900.000000000000000,100.000000000000000,1,900.000000000000000,100.000000000000000
mi_b,L3,2025-05-25 14:00:00,20250525,140000,2025-05-25 15:00:00,15,2025-05-25,0.010804661111111,0.043218644444444,0.043218644444444,15.000000000000000,900.000000000000000,100.000000000000000,1,900.000000000000000,100.000000000000000
mi_b,ALL,2025-05-25 14:00:00,20250525,140000,2025-05-25 15:00:00,15,2025-05-25,0.032365058333333,0.129460233333333,0.043153411111111,15.000000000000000,900.000000000000000,100.000000000000000,1,900.000000000000000,100.000000000000000
mi_b,L1,2025-05-25 14:15:00,20250525,141500,2025-05-25 15:15:00,15,2025-05-25,0.010863427777778,0.043453711111111,0.043453711111111,15.000000000000000,900.000000000000000,100.000000000000000,1,900.000000000000000,100.000000000000000
mi_b,L2,2025-05-25 14:15:00,20250525,141500,2025-05-25 15:15:00,15,2025-05-25,0.010867077777778,0.043468311111111,0.043468311111111,15.000000000000000,900.000000000000000,100.000000000000000,1,900.000000000000000,100.000000000000000
mi_b,L3,2025-05-25 14:15:00,20250525,141500,2025-05-25 15:15:00,15,2025-05-25,0.010900186111111,0.043600744444444,0.043600744444444,15.000000000000000,900.000000000000000,100.000000000000000,1,900.000000000000000,100.000000000000000
mi_b,ALL,2025-05-25 14:15:00,20250525,141500,2025-05-25 15:15:00,15,2025-05-25,0.032630691666667,0.130522766666667,0.043507588888889,15.000000000000000,900.000000000000000,100.000000000000000,1,900.000000000000000,100.000000000000000
mi_b,L1,2025-05-25 14:30:00,20250525,143000,2025-05-25 15:30:00,15,2025-05-25,0.011781897222222,0.047127588888889,0.047127588888889,15.000000000000000,900.000000000000000,100.000000000000000,1,900.000000000000000,100.000000000000000
mi_b,L2,2025-05-25 14:30:00,20250525,143000,2025-05-25 15:30:00,15,2025-05-25,0.011792725000000,0.047170900000000,0.047170900000000,15.000000000000000,900.000000000000000,100.000000000000000,1,900.000000000000000,100.000000000000000
mi_b,L3,2025-05-25 14:30:00,20250525,143000,2025-05-25 15:30:00,15,2025-05-25,0.011818663888889,0.047274655555556,0.047274655555556,15.000000000000000,900.000000000000000,100.000000000000000,1,900.000000000000000,100.000000000000000
mi_b,ALL,2025-05-25 14:30:00,20250525,143000,2025-05-25 15:30:00,15,2025-05-25,0.035393286111111,0.141573144444444,0.047191048148148,15.000000000000000,900.000000000000000,100.000000000000000,1,900.000000000000000,100.000000000000000
mi_b,L1,2025-05-25 14:45:00,20250525,144500,2025-05-25 15:45:00,15,2025-05-25,0.010835850000000,0.043343400000000,0.043343400000000,15.000000000000000,900.000000000000000,100.000000000000000,1,900.000000000000000,100.000000000000000
mi_b,L2,2025-05-25 14:45:00,20250525,144500,2025-05-25 15:45:00,15,2025-05-25,0.010854172222222,0.043416688888889,0.043416688888889,15.000000000000000,900.000000000000000,100.000000000000000,1,900.000000000000000,100.000000000000000
mi_b,L3,2025-05-25 14:45:00,20250525,144500,2025-05-25 15:45:00,15,2025-05-25,0.010884102777778,0.043536411111111,0.043536411111111,15.000000000000000,900.000000000000000,100.000000000000000,1,900.000000000000000,100.000000000000000
mi_b,ALL,2025-05-25 14:45:00,20250525,144500,2025-05-25 15:45:00,15,2025-05-25,0.032574125000000,0.130296500000000,0.043432166666667,15.000000000000000,900.000000000000000,100.000000000000000,1,900.000000000000000,100.000000000000000
mi_b,L1,2025-05-25 15:00:00,20250525,150000,2025-05-25 16:00:00,16,2025-05-25,0.010236105555556,0.040944422222222,0.040944422222222,15.000000000000000,900.000000000000000,100.000000000000000,1,900.000000000000000,100.000000000000000
mi_b,L2,2025-05-25 15:00:00,20250525,150000,2025-05-25 16:00:00,16,2025-05-25,0.010245955555556,0.040983822222222,0.040983822222222,15.000000000000000,900.000000000000000,100.000000000000000,1,900.000000000000000,100.000000000000000
mi_b,L3,2025-05-25 15:00:00,20250525,150000,2025-05-25 16:00:00,16,2025-05-25,0.010297558333333,0.041190233333333,0.041190233333333,15.000000000000000,900.000000000000000,100.000000000000000,1,900.000000000000000,100.000000000000000
mi_b,ALL,2025-05-25 15:00:00,20250525,150000,2025-05-25 16:00:00,16,2025-05-25,0.030779619444444,0.123118477777778,0.041039492592593,15.000000000000000,900.000000000000000,100.000000000000000,1,900.000000000000000,100.000000000000000
mi_b,L1,2025-05-25 15:15:00,20250525,151500,2025-05-25 16:15:00,16,2025-05-25,0.017686291666667,0.070745166666667,0.070745166666667,15.000000000000000,900.000000000000000,100.000000000000000,1,900.000000000000000,100.000000000000000
mi_b,L2,2025-05-25 15:15:00,20250525,151500,2025-05-25 16:15:00,16,2025-05-25,0.017670452777778,0.070681811111111,0.070681811111111,15.000000000000000,900.000000000000000,100.000000000000000,1,900.000000000000000,100.000000000000000
mi_b,L3,2025-05-25 15:15:00,20250525,151500,2025-05-25 16:15:00,16,2025-05-25,0.017763100000000,0.071052400000000,0.071052400000000,15.000000000000000,900.000000000000000,100.000000000000000,1,900.000000000000000,100.000000000000000
mi_b,ALL,2025-05-25 15:15:00,20250525,151500,2025-05-25 16:15:00,16,2025-05-25,0.053119844444445,0.212479377777778,0.070826459259259,15.000000000000000,900.000000000000000,100.000000000000000,1,900.000000000000000,100.000000000000000
mi_b,L1,2025-05-25 15:30:00,20250525,153000,2025-05-25 16:30:00,16,2025-05-25,0.016561491666667,0.066245966666667,0.066245966666667,15.000000000000000,900.000000000000000,100.000000000000000,1,900.000000000000000,100.000000000000000
mi_b,L2,2025-05-25 15:30:00,20250525,153000,2025-05-25 16:30:00,16,2025-05-25,0.016542461111111,0.066169844444445,0.066169844444444,15.000000000000000,900.000000000000000,100.000000000000000,1,900.000000000000000,100.000000000000000
mi_b,L3,2025-05-25 15:30:00,20250525,153000,2025-05-25 16:30:00,16,2025-05-25,0.016626938888889,0.066507755555556,0.066507755555555,15.000000000000000,900.000000000000000,100.000000000000000,1,900.000000000000000,100.000000000000000
mi_b,ALL,2025-05-25 15:30:00,20250525,153000,2025-05-25 16:30:00,16,2025-05-25,0.049730891666667,0.198923566666667,0.066307855555555,15.000000000000000,900.000000000000000,100.000000000000000,1,900.000000000000000,100.000000000000000
mi_b,L1,2025-05-25 15:45:00,20250525,154500,2025-05-25 16:45:00,16,2025-05-25,0.012336180555556,0.049344722222222,0.049344722222222,15.000000000000000,900.000000000000000,100.000000000000000,1,900.000000000000000,100.000000000000000
mi_b,L2,2025-05-25 15:45:00,20250525,154500,2025-05-25 16:45:00,16,2025-05-25,0.012328436111111,0.049313744444444,0.049313744444445,15.000000000000000,900.000000000000000,100.000000000000000,1,900.000000000000000,100.000000000000000
mi_b,L3,2025-05-25 15:45:00,20250525,154500,2025-05-25 16:45:00,16,2025-05-25,0.012382550000000,0.049530200000000,0.049530200000000,15.000000000000000,900.000000000000000,100.000000000000000,1,900.000000000000000,100.000000000000000
mi_b,ALL,2025-05-25 15:45:00,20250525,154500,2025-05-25 16:45:00,16,2025-05-25,0.037047166666667,0.148188666666667,0.049396222222222,15.000000000000000,900.000000000000000,100.000000000000000,1,900.000000000000000,100.000000000000000
mi_b,L1,2025-05-25 16:00:00,20250525,160000,2025-05-25 17:00:00,17,2025-05-25,0.013617277777778,0.054469111111111,0.054469111111111,15.000000000000000,900.000000000000000,100.000000000000000,1,900.000000000000000,100.000000000000000
mi_b,L2,2025-05-25 16:00:00,20250525,160000,2025-05-25 17:00:00,17,2025-05-25,0.013620366666667,0.054481466666667,0.054481466666667,15.000000000000000,900.000000000000000,100.000000000000000,1,900.000000000000000,100.000000000000000
mi_b,L3,2025-05-25 16:00:00,20250525,160000,2025-05-25 17:00:00,17,2025-05-25,0.013667041666667,0.054668166666666,0.054668166666667,15.000000000000000,900.000000000000000,100.000000000000000,1,900.000000000000000,100.000000000000000
mi_b,ALL,2025-05-25 16:00:00,20250525,160000,2025-05-25 17:00:00,17,2025-05-25,0.040904686111111,0.163618744444445,0.054539581481481,15.000000000000000,900.000000000000000,100.000000000000000,1,900.000000000000000,100.000000000000000
mi_b,L1,2025-05-25 16:15:00,20250525,161500,2025-05-25 17:15:00,17,2025-05-25,0.013159094444444,0.052636377777778,0.052636377777778,15.000000000000000,900.000000000000000,100.000000000000000,1,900.000000000000000,100.000000000000000
mi_b,L2,2025-05-25 16:15:00,20250525,161500,2025-05-25 17:15:00,17,2025-05-25,0.013143861111111,0.052575444444444,0.052575444444444,15.000000000000000,900.000000000000000,100.000000000000000,1,900.000000000000000,100.000000000000000
mi_b,L3,2025-05-25 16:15:00,20250525,161500,2025-05-25 17:15:00,17,2025-05-25,0.013198355555556,0.052793422222222,0.052793422222222,15.000000000000000,900.000000000000000,100.000000000000000,1,900.000000000000000,100.000000000000000
mi_b,ALL,2025-05-25 16:15:00,20250525,161500,2025-05-25 17:15:00,17,2025-05-25,0.039501311111111,0.158005244444444,0.052668414814815,15.000000000000000,900.000000000000000,100.000000000000000,1,900.000000000000000,100.000000000000000
mi_b,L1,2025-05-25 16:30:00,20250525,163000,2025-05-25 17:30:00,17,2025-05-25,0.010336425000000,0.041345700000000,0.041345700000000,15.000000000000000,900.000000000000000,100.000000000000000,1,900.000000000000000,100.000000000000000
mi_b,L2,2025-05-25 16:30:00,20250525,163000,2025-05-25 17:30:00,17,2025-05-25,0.010323666666667,0.041294666666667,0.041294666666667,15.000000000000000,900.000000000000000,100.000000000000000,1,900.000000000000000,100.000000000000000
mi_b,L3,2025-05-25 16:30:00,20250525,163000,2025-05-25 17:30:00,17,2025-05-25,0.010359391666667,0.041437566666667,0.041437566666667,15.000000000000000,900.000000000000000,100.000000000000000,1,900.000000000000000,100.000000000000000
mi_b,ALL,2025-05-25 16:30:00,20250525,163000,2025-05-25 17:30:00,17,2025-05-25,0.031019483333333,0.124077933333333,0.041359311111111,15.000000000000000,900.000000000000000,100.000000000000000,1,900.000000000000000,100.000000000000000
mi_b,L1,2025-05-25 16:45:00,20250525,164500,2025-05-25 17:45:00,17,2025-05-25,0.008167986111111,0.032671944444444,0.032671944444444,15.000000000000000,900.000000000000000,100.000000000000000,1,900.000000000000000,100.000000000000000
mi_b,L2,2025-05-25 16:45:00,20250525,164500,2025-05-25 17:45:00,17,2025-05-25,0.008171236111111,0.032684944444444,0.032684944444444,15.000000000000000,900.000000000000000,100.000000000000000,1,900.000000000000000,100.000000000000000
mi_b,L3,2025-05-25 16:45:00,20250525,164500,2025-05-25 17:45:00,17,2025-05-25,0.008197505555556,0.032790022222222,0.032790022222222,15.000000000000000,900.000000000000000,100.000000000000000,1,900.000000000000000,100.000000000000000
mi_b,ALL,2025-05-25 16:45:00,20250525,164500,2025-05-25 17:45:00,17,2025-05-25,0.024536727777778,0.098146911111111,0.032715637037037,15.000000000000000,900.000000000000000,100.000000000000000,1,900.000000000000000,100.000000000000000
mi_b,L1,2025-05-25 17:00:00,20250525,170000,2025-05-25 18:00:00,18,2025-05-25,0.008609655555556,0.034438622222222,0.034438622222222,15.000000000000000,900.000000000000000,100.000000000000000,1,900.000000000000000,100.000000000000000
mi_b,L2,2025-05-25 17:00:00,20250525,170000,2025-05-25 18:00:00,18,2025-05-25,0.008610438888889,0.034441755555556,0.034441755555556,15.000000000000000,900.000000000000000,100.000000000000000,1,900.000000000000000,100.000000000000000
mi_b,L3,2025-05-25 17:00:00,20250525,170000,2025-05-25 18:00:00,18,2025-05-25,0.008649325000000,0.034597300000000,0.034597300000000,15.000000000000000,900.000000000000000,100.000000000000000,1,900.000000000000000,100.000000000000000
mi_b,ALL,2025-05-25 17:00:00,20250525,170000,2025-05-25 18:00:00,18,2025-05-25,0.025869419444444,0.103477677777778,0.034492559259259,15.000000000000000,900.000000000000000,100.000000000000000,1,900.000000000000000,100.000000000000000
mi_b,L1,2025-05-25 17:15:00,20250525,171500,2025-05-25 18:15:00,18,2025-05-25,0.006472200000000,0.025888800000000,0.025888800000000,15.000000000000000,900.000000000000000,100.000000000000000,1,900.000000000000000,100.000000000000000
mi_b,L2,2025-05-25 17:15:00,20250525,171500,2025-05-25 18:15:00,18,2025-05-25,0.006479647222222,0.025918588888889,0.025918588888889,15.000000000000000,900.000000000000000,100.000000000000000,1,900.000000000000000,100.000000000000000
mi_b,L3,2025-05-25 17:15:00,20250525,171500,2025-05-25 18:15:00,18,2025-05-25,0.006507636111111,0.026030544444444,0.026030544444444,15.000000000000000,900.000000000000000,100.000000000000000,1,900.000000000000000,100.000000000000000
mi_b,ALL,2025-05-25 17:15:00,20250525,171500,2025-05-25 18:15:00,18,2025-05-25,0.019459483333333,0.077837933333333,0.025945977777778,15.000000000000000,900.000000000000000,100.000000000000000,1,900.000000000000000,100.000000000000000
mi_b,L1,2025-05-25 17:30:00,20250525,173000,2025-05-25 18:30:00,18,2025-05-25,0.004648966666667,0.018595866666667,0.018595866666667,15.000000000000000,900.000000000000000,100.000000000000000,1,900.000000000000000,100.000000000000000
mi_b,L2,2025-05-25 17:30:00,20250525,173000,2025-05-25 18:30:00,18,2025-05-25,0.004657505555556,0.018630022222222,0.018630022222222,15.000000000000000,900.000000000000000,100.000000000000000,1,900.000000000000000,100.000000000000000
mi_b,L3,2025-05-25 17:30:00,20250525,173000,2025-05-25 18:30:00,18,2025-05-25,0.004673327777778,0.018693311111111,0.018693311111111,15.000000000000000,900.000000000000000,100.000000000000000,1,900.000000000000000,100.000000000000000
mi_b,ALL,2025-05-25 17:30:00,20250525,173000,2025-05-25 18:30:00,18,2025-05-25,0.013979800000000,0.055919200000000,0.018639733333333,15.000000000000000,900.000000000000000,100.000000000000000,1,900.000000000000000,100.000000000000000
mi_b,L1,2025-05-25 17:45:00,20250525,174500,2025-05-25 18:45:00,18,2025-05-25,0.005794441666667,0.023177766666667,0.023177766666667,15.000000000000000,900.000000000000000,100.000000000000000,1,900.000000000000000,100.000000000000000
mi_b,L2,2025-05-25 17:45:00,20250525,174500,2025-05-25 18:45:00,18,2025-05-25,0.005799200000000,0.023196800000000,0.023196800000000,15.000000000000000,900.000000000000000,100.000000000000000,1,900.000000000000000,100.000000000000000
mi_b,L3,2025-05-25 17:45:00,20250525,174500,2025-05-25 18:45:00,18,2025-05-25,0.005814263888889,0.023257055555556,0.023257055555556,15.000000000000000,900.000000000000000,100.000000000000000,1,900.000000000000000,100.000000000000000
mi_b,ALL,2025-05-25 17:45:00,20250525,174500,2025-05-25 18:45:00,18,2025-05-25,0.017407905555556,0.069631622222222,0.023210540740741,15.000000000000000,900.000000000000000,100.000000000000000,1,900.000000000000000,100.000000000000000
mi_b,L1,2025-05-25 18:00:00,20250525,180000,2025-05-25 19:00:00,19,2025-05-25,0.004922858333333,0.019691433333333,0.019691433333333,15.000000000000000,900.000000000000000,100.000000000000000,1,900.000000000000000,100.000000000000000
mi_b,L2,2025-05-25 18:00:00,20250525,180000,2025-05-25 19:00:00,19,2025-05-25,0.004925811111111,0.019703244444445,0.019703244444445,15.000000000000000,900.000000000000000,100.000000000000000,1,900.000000000000000,100.000000000000000
mi_b,L3,2025-05-25 18:00:00,20250525,180000,2025-05-25 19:00:00,19,2025-05-25,0.004934147222222,0.019736588888889,0.019736588888889,15.000000000000000,900.000000000000000,100.000000000000000,1,900.000000000000000,100.000000000000000
mi_b,ALL,2025-05-25 18:00:00,20250525,180000,2025-05-25 19:00:00,19,2025-05-25,0.014782816666667,0.059131266666667,0.019710422222222,15.000000000000000,900.000000000000000,100.000000000000000,1,900.000000000000000,100.000000000000000
mi_b,L1,2025-05-25 18:15:00,20250525,181500,2025-05-25 19:15:00,19,2025-05-25,0.004103863888889,0.016415455555556,0.016415455555556,15.000000000000000,900.000000000000000,100.000000000000000,1,900.000000000000000,100.000000000000000
mi_b,L2,2025-05-25 18:15:00,20250525,181500,2025-05-25 19:15:00,19,2025-05-25,0.004111016666667,0.016444066666667,0.016444066666667,15.000000000000000,900.000000000000000,100.000000000000000,1,900.000000000000000,100.000000000000000
mi_b,L3,2025-05-25 18:15:00,20250525,181500,2025-05-25 19:15:00,19,2025-05-25,0.004116061111111,0.016464244444444,0.016464244444444,15.000000000000000,900.000000000000000,100.000000000000000,1,900.000000000000000,100.000000000000000
mi_b,ALL,2025-05-25 18:15:00,20250525,181500,2025-05-25 19:15:00,19,2025-05-25,0.012330941666667,0.049323766666667,0.016441255555556,15.000000000000000,900.000000000000000,100.000000000000000,1,900.000000000000000,100.000000000000000
mi_b,L1,2025-05-25 18:30:00,20250525,183000,2025-05-25 19:30:00,19,2025-05-25,0.005407172222222,0.021628688888889,0.021628688888889,15.000000000000000,900.000000000000000,100.000000000000000,1,900.000000000000000,100.000000000000000
mi_b,L2,2025-05-25 18:30:00,20250525,183000,2025-05-25 19:30:00,19,2025-05-25,0.005418863888889,0.021675455555556,0.021675455555556,15.000000000000000,900.000000000000000,100.000000000000000,1,900.000000000000000,100.000000000000000
mi_b,L3,2025-05-25 18:30:00,20250525,183000,2025-05-25 19:30:00,19,2025-05-25,0.005424041666667,0.021696166666667,0.021696166666667,15.000000000000000,900.000000000000000,100.000000000000000,1,900.000000000000000,100.000000000000000
mi_b,ALL,2025-05-25 18:30:00,20250525,183000,2025-05-25 19:30:00,19,2025-05-25,0.016250077777778,0.065000311111111,0.021666770370370,15.000000000000000,900.000000000000000,100.000000000000000,1,900.000000000000000,100.000000000000000
mi_b,L1,2025-05-25 18:45:00,20250525,184500,2025-05-25 19:45:00,19,2025-05-25,0.005289666666667,0.021158666666667,0.021158666666667,15.000000000000000,900.000000000000000,100.000000000000000,1,900.000000000000000,100.000000000000000
mi_b,L2,2025-05-25 18:45:00,20250525,184500,2025-05-25 19:45:00,19,2025-05-25,0.005298175000000,0.021192700000000,0.021192700000000,15.000000000000000,900.000000000000000,100.000000000000000,1,900.000000000000000,100.000000000000000
mi_b,L3,2025-05-25 18:45:00,20250525,184500,2025-05-25 19:45:00,19,2025-05-25,0.005311638888889,0.021246555555556,0.021246555555556,15.000000000000000,900.000000000000000,100.000000000000000,1,900.000000000000000,100.000000000000000
mi_b,ALL,2025-05-25 18:45:00,20250525,184500,2025-05-25 19:45:00,19,2025-05-25,0.015899480555556,0.063597922222222,0.021199307407407,15.000000000000000,900.000000000000000,100.000000000000000,1,900.000000000000000,100.000000000000000
mi_b,L1,2025-05-25 19:00:00,20250525,190000,2025-05-25 20:00:00,20,2025-05-25,0.004873850000000,0.019495400000000,0.019495400000000,15.000000000000000,900.000000000000000,100.000000000000000,1,900.000000000000000,100.000000000000000
mi_b,L2,2025-05-25 19:00:00,20250525,190000,2025-05-25 20:00:00,20,2025-05-25,0.004878900000000,0.019515600000000,0.019515600000000,15.000000000000000,900.000000000000000,100.000000000000000,1,900.000000000000000,100.000000000000000
mi_b,L3,2025-05-25 19:00:00,20250525,190000,2025-05-25 20:00:00,20,2025-05-25,0.004887558333333,0.019550233333333,0.019550233333333,15.000000000000000,900.000000000000000,100.000000000000000,1,900.000000000000000,100.000000000000000
mi_b,ALL,2025-05-25 19:00:00,20250525,190000,2025-05-25 20:00:00,20,2025-05-25,0.014640308333333,0.058561233333333,0.019520411111111,15.000000000000000,900.000000000000000,100.000000000000000,1,900.000000000000000,100.000000000000000
mi_b,L1,2025-05-25 19:15:00,20250525,191500,2025-05-25 20:15:00,20,2025-05-25,0.003176919444444,0.012707677777778,0.012707677777778,15.000000000000000,900.000000000000000,100.000000000000000,1,900.000000000000000,100.000000000000000
mi_b,L2,2025-05-25 19:15:00,20250525,191500,2025-05-25 20:15:00,20,2025-05-25,0.003177272222222,0.012709088888889,0.012709088888889,15.000000000000000,900.000000000000000,100.000000000000000,1,900.000000000000000,100.000000000000000
mi_b,L3,2025-05-25 19:15:00,20250525,191500,2025-05-25 20:15:00,20,2025-05-25,0.003184663888889,0.012738655555556,0.012738655555556,15.000000000000000,900.000000000000000,100.000000000000000,1,900.000000000000000,100.000000000000000
mi_b,ALL,2025-05-25 19:15:00,20250525,191500,2025-05-25 20:15:00,20,2025-05-25,0.009538855555556,0.038155422222222,0.012718474074074,15.000000000000000,900.000000000000000,100.000000000000000,1,900.000000000000000,100.000000000000000
mi_b,L1,2025-05-25 19:30:00,20250525,193000,2025-05-25 20:30:00,20,2025-05-25,0.000972713888889,0.003890855555556,0.003890855555556,15.000000000000000,900.000000000000000,100.000000000000000,1,900.000000000000000,100.000000000000000
mi_b,L2,2025-05-25 19:30:00,20250525,193000,2025-05-25 20:30:00,20,2025-05-25,0.000974030555556,0.003896122222222,0.003896122222222,15.000000000000000,900.000000000000000,100.000000000000000,1,900.000000000000000,100.000000000000000
mi_b,L3,2025-05-25 19:30:00,20250525,193000,2025-05-25 20:30:00,20,2025-05-25,0.000973305555556,0.003893222222222,0.003893222222222,15.000000000000000,900.000000000000000,100.000000000000000,1,900.000000000000000,100.000000000000000
mi_b,ALL,2025-05-25 19:30:00,20250525,193000,2025-05-25 20:30:00,20,2025-05-25,0.002920050000000,0.011680200000000,0.003893400000000,15.000000000000000,900.000000000000000,100.000000000000000,1,900.000000000000000,100.000000000000000
mi_b,L1,2025-05-25 19:45:00,20250525,194500,2025-05-25 20:45:00,20,2025-05-25,0.002711461111111,0.010845844444444,0.010845844444444,15.000000000000000,900.000000000000000,100.000000000000000,1,900.000000000000000,100.000000000000000
mi_b,L2,2025-05-25 19:45:00,20250525,194500,2025-05-25 20:45:00,20,2025-05-25,0.002716083333333,0.010864333333333,0.010864333333333,15.000000000000000,900.000000000000000,100.000000000000000,1,900.000000000000000,100.000000000000000
mi_b,L3,2025-05-25 19:45:00,20250525,194500,2025-05-25 20:45:00,20,2025-05-25,0.002721122222222,0.010884488888889,0.010884488888889,15.000000000000000,900.000000000000000,100.000000000000000,1,900.000000000000000,100.000000000000000
mi_b,ALL,2025-05-25 19:45:00,20250525,194500,2025-05-25 20:45:00,20,2025-05-25,0.008148666666667,0.032594666666667,0.010864888888889,15.000000000000000,900.000000000000000,100.000000000000000,1,900.000000000000000,100.000000000000000
mi_b,L1,2025-05-25 20:00:00,20250525,200000,2025-05-25 21:00:00,21,2025-05-25,0.000663080555556,0.002652322222222,0.002652322222222,15.000000000000000,900.000000000000000,100.000000000000000,1,900.000000000000000,100.000000000000000
mi_b,L2,2025-05-25 20:00:00,20250525,200000,2025-05-25 21:00:00,21,2025-05-25,0.000665297222222,0.002661188888889,0.002661188888889,15.000000000000000,900.000000000000000,100.000000000000000,1,900.000000000000000,100.000000000000000
mi_b,L3,2025-05-25 20:00:00,20250525,200000,2025-05-25 21:00:00,21,2025-05-25,0.000661147222222,0.002644588888889,0.002644588888889,15.000000000000000,900.000000000000000,100.000000000000000,1,900.000000000000000,100.000000000000000
mi_b,ALL,2025-05-25 20:00:00,20250525,200000,2025-05-25 21:00:00,21,2025-05-25,0.001989525000000,0.007958100000000,0.002652700000000,15.000000000000000,900.000000000000000,100.000000000000000,1,900.000000000000000,100.000000000000000
mi_b,L1,2025-05-25 20:15:00,20250525,201500,2025-05-25 21:15:00,21,2025-05-25,0.000300861111111,0.001203444444444,0.001203444444444,15.000000000000000,900.000000000000000,100.000000000000000,1,900.000000000000000,100.000000000000000
mi_b,L2,2025-05-25 20:15:00,20250525,201500,2025-05-25 21:15:00,21,2025-05-25,0.000302558333333,0.001210233333333,0.001210233333333,15.000000000000000,900.000000000000000,100.000000000000000,1,900.000000000000000,100.000000000000000
mi_b,L3,2025-05-25 20:15:00,20250525,201500,2025-05-25 21:15:00,21,2025-05-25,0.000297227777778,0.001188911111111,0.001188911111111,15.000000000000000,900.000000000000000,100.000000000000000,1,900.000000000000000,100.000000000000000
mi_b,ALL,2025-05-25 20:15:00,20250525,201500,2025-05-25 21:15:00,21,2025-05-25,0.000900647222222,0.003602588888889,0.001200862962963,15.000000000000000,900.000000000000000,100.000000000000000,1,900.000000000000000,100.000000000000000
mi_b,L1,2025-05-25 20:30:00,20250525,203000,2025-05-25 21:30:00,21,2025-05-25,0.000118677777778,0.000474711111111,0.000474711111111,15.000000000000000,900.000000000000000,100.000000000000000,1,900.000000000000000,100.000000000000000
mi_b,L2,2025-05-25 20:30:00,20250525,203000,2025-05-25 21:30:00,21,2025-05-25,0.000121744444444,0.000486977777778,0.000486977777778,15.000000000000000,900.000000000000000,100.000000000000000,1,900.000000000000000,100.000000000000000
mi_b,L3,2025-05-25 20:30:00,20250525,203000,2025-05-25 21:30:00,21,2025-05-25,0.000115911111111,0.000463644444444,0.000463644444444,15.000000000000000,900.000000000000000,100.000000000000000,1,900.000000000000000,100.000000000000000
mi_b,ALL,2025-05-25 20:30:00,20250525,203000,2025-05-25 21:30:00,21,2025-05-25,0.000356333333333,0.001425333333333,0.000475111111111,15.000000000000000,900.000000000000000,100.000000000000000,1,900.000000000000000,100.000000000000000
mi_b,L1,2025-05-25 20:45:00,20250525,204500,2025-05-25 21:45:00,21,2025-05-25,0.000011766666667,0.000047066666667,0.000083550295858,15.000000000000000,900.000000000000000,100.000000000000000,0,507.000000000000000,56.333333333333336
mi_b,L2,2025-05-25 20:45:00,20250525,204500,2025-05-25 21:45:00,21,2025-05-25,0.000013033333333,0.000052133333333,0.000085464480874,15.000000000000000,900.000000000000000,100.000000000000000,0,549.000000000000000,61.000000000000000
mi_b,L3,2025-05-25 20:45:00,20250525,204500,2025-05-25 21:45:00,21,2025-05-25,0.000010291666667,0.000041166666667,0.000072222222222,15.000000000000000,900.000000000000000,100.000000000000000,0,513.000000000000000,56.999999999999993
mi_b,ALL,2025-05-25 20:45:00,20250525,204500,2025-05-25 21:45:00,21,2025-05-25,0.000035091666667,0.000140366666667,0.000080516252390,15.000000000000000,900.000000000000000,100.000000000000000,1,900.000000000000000,100.000000000000000
mi_b,L1,2025-05-25 21:00:00,20250525,210000,2025-05-25 22:00:00,22,2025-05-25,0.000000000000000,0.000000000000000,0.000000000000000,15.000000000000000,900.000000000000000,100.000000000000000,1,720.000000000000000,80.000000000000000
mi_b,L2,2025-05-25 21:00:00,20250525,210000,2025-05-25 22:00:00,22,2025-05-25,0.000000000000000,0.000000000000000,0.000000000000000,15.000000000000000,900.000000000000000,100.000000000000000,0,48.000000000000000,5.333333333333333
mi_b,L3,2025-05-25 21:00:00,20250525,210000,2025-05-25 22:00:00,22,2025-05-25,-0.000000000000000,-0.000000000000000,NaN,15.000000000000000,900.000000000000000,100.000000000000000,0,0.000000000000000,0.000000000000000
mi_b,ALL,2025-05-25 21:00:00,20250525,210000,2025-05-25 22:00:00,22,2025-05-25,0.000000000000000,0.000000000000000,0.000000000000000,15.000000000000000,900.000000000000000,100.000000000000000,1,768.000000000000000,85.333333333333329
mi_b,L1,2025-05-25 21:15:00,20250525,211500,2025-05-25 22:15:00,22,2025-05-25,0.000000000000000,0.000000000000000,0.000000000000000,15.000000000000000,900.000000000000000,100.000000000000000,1,900.000000000000000,100.000000000000000
mi_b,L2,2025-05-25 21:15:00,20250525,211500,2025-05-25 22:15:00,22,2025-05-25,0.000000000000000,0.000000000000000,0.000000000000000,15.000000000000000,900.000000000000000,100.000000000000000,0,46.000000000000000,5.111111111111112
mi_b,L3,2025-05-25 21:15:00,20250525,211500,2025-05-25 22:15:00,22,2025-05-25,-0.000000000000000,-0.000000000000000,NaN,15.000000000000000,900.000000000000000,100.000000000000000,0,0.000000000000000,0.000000000000000
mi_b,ALL,2025-05-25 21:15:00,20250525,211500,2025-05-25 22:15:00,22,2025-05-25,0.000000000000000,0.000000000000000,0.000000000000000,15.000000000000000,900.000000000000000,100.000000000000000,1,900.000000000000000,100.000000000000000
mi_b,L1,2025-05-25 21:30:00,20250525,213000,2025-05-25 22:30:00,22,2025-05-25,0.000000000000000,0.000000000000000,0.000000000000000,15.000000000000000,900.000000000000000,100.000000000000000,1,900.000000000000000,100.000000000000000
mi_b,L2,2025-05-25 21:30:00,20250525,213000,2025-05-25 22:30:00,22,2025-05-25,0.000000000000000,0.000000000000000,0.000000000000000,15.000000000000000,900.000000000000000,100.000000000000000,0,131.000000000000000,14.555555555555555
mi_b,L3,2025-05-25 21:30:00,20250525,213000,2025-05-25 22:30:00,22,2025-05-25,-0.000000000000000,-0.000000000000000,NaN,15.000000000000000,900.000000000000000,100.000000000000000,0,0.000000000000000,0.000000000000000
mi_b,ALL,2025-05-25 21:30:00,20250525,213000,2025-05-25 22:30:00,22,2025-05-25,0.000000000000000,0.000000000000000,0.000000000000000,15.000000000000000,900.000000000000000,100.000000000000000,1,900.000000000000000,100.000000000000000
mi_b,L1,2025-05-25 21:45:00,20250525,214500,2025-05-25 22:45:00,22,2025-05-25,0.000000000000000,0.000000000000000,0.000000000000000,15.000000000000000,900.000000000000000,100.000000000000000,1,900.000000000000000,100.000000000000000
mi_b,L2,2025-05-25 21:45:00,20250525,214500,2025-05-25 22:45:00,22,2025-05-25,0.000000000000000,0.000000000000000,0.000000000000000,15.000000000000000,900.000000000000000,100.000000000000000,0,198.000000000000000,22.000000000000000
mi_b,L3,2025-05-25 21:45:00,20250525,214500,2025-05-25 22:45:00,22,2025-05-25,-0.000000000000000,-0.000000000000000,NaN,15.000000000000000,900.000000000000000,100.000000000000000,0,0.000000000000000,0.000000000000000
mi_b,ALL,2025-05-25 21:45:00,20250525,214500,2025-05-25 22:45:00,22,2025-05-25,0.000000000000000,0.000000000000000,0.000000000000000,15.000000000000000,900.000000000000000,100.000000000000000,1,900.000000000000000,100.000000000000000
mi_b,L1,2025-05-25 22:00:00,20250525,220000,2025-05-25 23:00:00,23,2025-05-25,0.000000000000000,0.000000000000000,0.000000000000000,15.000000000000000,900.000000000000000,100.000000000000000,1,900.000000000000000,100.000000000000000
mi_b,L2,2025-05-25 22:00:00,20250525,220000,2025-05-25 23:00:00,23,2025-05-25,0.000000000000000,0.000000000000000,0.000000000000000,15.000000000000000,900.000000000000000,100.000000000000000,0,424.000000000000000,47.111111111111107
mi_b,L3,2025-05-25 22:00:00,20250525,220000,2025-05-25 23:00:00,23,2025-05-25,-0.000000000000000,-0.000000000000000,NaN,15.000000000000000,900.000000000000000,100.000000000000000,0,0.000000000000000,0.000000000000000
mi_b,ALL,2025-05-25 22:00:00,20250525,220000,2025-05-25 23:00:00,23,2025-05-25,0.000000000000000,0.000000000000000,0.000000000000000,15.000000000000000,900.000000000000000,100.000000000000000,1,900.000000000000000,100.000000000000000
mi_b,L1,2025-05-25 22:15:00,20250525,221500,2025-05-25 23:15:00,23,2025-05-25,0.000000000000000,0.000000000000000,0.000000000000000,15.000000000000000,900.000000000000000,100.000000000000000,1,900.000000000000000,100.000000000000000
mi_b,L2,2025-05-25 22:15:00,20250525,221500,2025-05-25 23:15:00,23,2025-05-25,0.000000000000000,0.000000000000000,0.000000000000000,15.000000000000000,900.000000000000000,100.000000000000000,0,122.000000000000000,13.555555555555557
mi_b,L3,2025-05-25 22:15:00,20250525,221500,2025-05-25 23:15:00,23,2025-05-25,-0.000000000000000,-0.000000000000000,NaN,15.000000000000000,900.000000000000000,100.000000000000000,0,0.000000000000000,0.000000000000000
mi_b,ALL,2025-05-25 22:15:00,20250525,221500,2025-05-25 23:15:00,23,2025-05-25,0.000000000000000,0.000000000000000,0.000000000000000,15.000000000000000,900.000000000000000,100.000000000000000,1,900.000000000000000,100.000000000000000
mi_b,L1,2025-05-25 22:30:00,20250525,223000,2025-05-25 23:30:00,23,2025-05-25,0.000000000000000,0.000000000000000,0.000000000000000,15.000000000000000,900.000000000000000,100.000000000000000,1,900.000000000000000,100.000000000000000
mi_b,L2,2025-05-25 22:30:00,20250525,223000,2025-05-25 23:30:00,23,2025-05-25,0.000000000000000,0.000000000000000,0.000000000000000,15.000000000000000,900.000000000000000,100.000000000000000,0,447.000000000000000,49.666666666666664
mi_b,L3,2025-05-25 22:30:00,20250525,223000,2025-05-25 23:30:00,23,2025-05-25,-0.000000000000000,-0.000000000000000,NaN,15.000000000000000,900.000000000000000,100.000000000000000,0,0.000000000000000,0.000000000000000
mi_b,ALL,2025-05-25 22:30:00,20250525,223000,2025-05-25 23:30:00,23,2025-05-25,0.000000000000000,0.000000000000000,0.000000000000000,15.000000000000000,900.000000000000000,100.000000000000000,1,900.000000000000000,100.000000000000000
mi_b,L1,2025-05-25 22:45:00,20250525,224500,2025-05-25 23:45:00,23,2025-05-25,0.000000000000000,0.000000000000000,0.000000000000000,15.000000000000000,900.000000000000000,100.000000000000000,1,900.000000000000000,100.000000000000000
mi_b,L2,2025-05-25 22:45:00,20250525,224500,2025-05-25 23:45:00,23,2025-05-25,0.000000000000000,0.000000000000000,0.000000000000000,15.000000000000000,900.000000000000000,100.000000000000000,0,163.000000000000000,18.111111111111111
mi_b,L3,2025-05-25 22:45:00,20250525,224500,2025-05-25 23:45:00,23,2025-05-25,-0.000000000000000,-0.000000000000000,NaN,15.000000000000000,900.000000000000000,100.000000000000000,0,0.000000000000000,0.000000000000000
mi_b,ALL,2025-05-25 22:45:00,20250525,224500,2025-05-25 23:45:00,23,2025-05-25,0.000000000000000,0.000000000000000,0.000000000000000,15.000000000000000,900.000000000000000,100.000000000000000,1,900.000000000000000,100.000000000000000
mi_b,L1,2025-05-25 23:00:00,20250525,230000,2025-05-26 00:00:00,0,2025-05-26,0.000000000000000,0.000000000000000,0.000000000000000,15.000000000000000,900.000000000000000,100.000000000000000,1,900.000000000000000,100.000000000000000
mi_b,L2,2025-05-25 23:00:00,20250525,230000,2025-05-26 00:00:00,0,2025-05-26,0.000000000000000,0.000000000000000,0.000000000000000,15.000000000000000,900.000000000000000,100.000000000000000,0,270.000000000000000,30.000000000000000
mi_b,L3,2025-05-25 23:00:00,20250525,230000,2025-05-26 00:00:00,0,2025-05-26,-0.000000000000000,-0.000000000000000,NaN,15.000000000000000,900.000000000000000,100.000000000000000,0,0.000000000000000,0.000000000000000
mi_b,ALL,2025-05-25 23:00:00,20250525,230000,2025-05-26 00:00:00,0,2025-05-26,0.000000000000000,0.000000000000000,0.000000000000000,15.000000000000000,900.000000000000000,100.000000000000000,1,900.000000000000000,100.000000000000000
mi_b,L1,2025-05-25 23:15:00,20250525,231500,2025-05-26 00:15:00,0,2025-05-26,0.000000000000000,0.000000000000000,0.000000000000000,15.000000000000000,900.000000000000000,100.000000000000000,1,900.000000000000000,100.000000000000000
mi_b,L2,2025-05-25 23:15:00,20250525,231500,2025-05-26 00:15:00,0,2025-05-26,0.000000000000000,0.000000000000000,0.000000000000000,15.000000000000000,900.000000000000000,100.000000000000000,0,257.000000000000000,28.555555555555557
mi_b,L3,2025-05-25 23:15:00,20250525,231500,2025-05-26 00:15:00,0,2025-05-26,-0.000000000000000,-0.000000000000000,NaN,15.000000000000000,900.000000000000000,100.000000000000000,0,0.000000000000000,0.000000000000000
mi_b,ALL,2025-05-25 23:15:00,20250525,231500,2025-05-26 00:15:00,0,2025-05-26,0.000000000000000,0.000000000000000,0.000000000000000,15.000000000000000,900.000000000000000,100.000000000000000,1,900.000000000000000,100.000000000000000
mi_b,L1,2025-05-25 23:30:00,20250525,233000,2025-05-26 00:30:00,0,2025-05-26,0.000000000000000,0.000000000000000,0.000000000000000,15.000000000000000,900.000000000000000,100.000000000000000,1,900.000000000000000,100.000000000000000
mi_b,L2,2025-05-25 23:30:00,20250525,233000,2025-05-26 00:30:00,0,2025-05-26,0.000000000000000,0.000000000000000,0.000000000000000,15.000000000000000,900.000000000000000,100.000000000000000,0,368.000000000000000,40.888888888888893
mi_b,L3,2025-05-25 23:30:00,20250525,233000,2025-05-26 00:30:00,0,2025-05-26,-0.000000000000000,-0.000000000000000,NaN,15.000000000000000,900.000000000000000,100.000000000000000,0,0.000000000000000,0.000000000000000
mi_b,ALL,2025-05-25 23:30:00,20250525,233000,2025-05-26 00:30:00,0,2025-05-26,0.000000000000000,0.000000000000000,0.000000000000000,15.000000000000000,900.000000000000000,100.000000000000000,1,900.000000000000000,100.000000000000000
mi_b,L1,2025-05-25 23:45:00,20250525,234500,2025-05-26 00:45:00,0,2025-05-26,0.000000000000000,0.000000000000000,0.000000000000000,15.000000000000000,900.000000000000000,100.000000000000000,1,900.000000000000000,100.000000000000000
mi_b,L2,2025-05-25 23:45:00,20250525,234500,2025-05-26 00:45:00,0,2025-05-26,0.000000000000000,0.000000000000000,0.000000000000000,15.000000000000000,900.000000000000000,100.000000000000000,0,545.000000000000000,60.555555555555550
mi_b,L3,2025-05-25 23:45:00,20250525,234500,2025-05-26 00:45:00,0,2025-05-26,-0.000000000000000,-0.000000000000000,NaN,15.000000000000000,900.000000000000000,100.000000000000000,0,0.000000000000000,0.000000000000000
mi_b,ALL,2025-05-25 23:45:00,20250525,234500,2025-05-26 00:45:00,0,2025-05-26,0.000000000000000,0.000000000000000,0.000000000000000,15.000000000000000,900.000000000000000,100.000000000000000,1,900.000000000000000,100.000000000000000
