AssetId,Phase,window_start_utc,DateKeyUtc,TimeKeyUtc,WindowStartLocal,HourLocal,DateLocal,Energy_kWh_15m,Demand_kW,AvgPower_kW_15m,Minutes,SecondsObserved,DataCoveragePct,IsReliableWindow,SecondsReliable,ReliableCoveragePct
ex_b,L1,2025-05-14 00:00:00,20250514,0,2025-05-14 01:00:00,1,2025-05-14,2.682031716666666,10.728126866666663,10.800127718120804,14.900000000000000,894.000000000000000,99.333333333333329,1,894.000000000000000,99.333333333333329
ex_b,L2,2025-05-14 00:00:00,20250514,0,2025-05-14 01:00:00,1,2025-05-14,2.902346525000000,11.609386100000000,11.687301442953023,14.900000000000000,894.000000000000000,99.333333333333329,1,894.000000000000000,99.333333333333329
ex_b,L3,2025-05-14 00:00:00,20250514,0,2025-05-14 01:00:00,1,2025-05-14,2.624745594444444,10.498982377777775,10.569445346756153,14.900000000000000,894.000000000000000,99.333333333333329,1,894.000000000000000,99.333333333333329
ex_b,ALL,2025-05-14 00:00:00,20250514,0,2025-05-14 01:00:00,1,2025-05-14,8.209123836111109,32.836495344444437,11.018958169276660,15.000000000000000,900.000000000000000,100.000000000000000,1,900.000000000000000,100.000000000000000
ex_b,L1,2025-05-14 00:15:00,20250514,1500,2025-05-14 01:15:00,1,2025-05-14,2.697076024999999,10.788304099999996,10.788304100000003,15.000000000000000,900.000000000000000,100.000000000000000,1,900.000000000000000,100.000000000000000
ex_b,L2,2025-05-14 00:15:00,20250514,1500,2025-05-14 01:15:00,1,2025-05-14,2.916227975000000,11.664911900000000,11.664911900000000,15.000000000000000,900.000000000000000,100.000000000000000,1,900.000000000000000,100.000000000000000
ex_b,L3,2025-05-14 00:15:00,20250514,1500,2025-05-14 01:15:00,1,2025-05-14,2.637170530555554,10.548682122222216,10.548682122222218,15.000000000000000,900.000000000000000,100.000000000000000,1,900.000000000000000,100.000000000000000
ex_b,ALL,2025-05-14 00:15:00,20250514,1500,2025-05-14 01:15:00,1,2025-05-14,8.250474530555554,33.001898122222215,11.000632707407407,15.000000000000000,900.000000000000000,100.000000000000000,1,900.000000000000000,100.000000000000000
ex_b,L1,2025-05-14 00:30:00,20250514,3000,2025-05-14 01:30:00,1,2025-05-14,2.699702388888888,10.798809555555554,10.798809555555552,15.000000000000000,900.000000000000000,100.000000000000000,1,900.000000000000000,100.000000000000000
ex_b,L2,2025-05-14 00:30:00,20250514,3000,2025-05-14 01:30:00,1,2025-05-14,2.915998486111110,11.663993944444440,11.663993944444446,15.000000000000000,900.000000000000000,100.000000000000000,1,900.000000000000000,100.000000000000000
ex_b,L3,2025-05-14 00:30:00,20250514,3000,2025-05-14 01:30:00,1,2025-05-14,2.632097963888889,10.528391855555556,10.528391855555554,15.000000000000000,900.000000000000000,100.000000000000000,1,900.000000000000000,100.000000000000000
ex_b,ALL,2025-05-14 00:30:00,20250514,3000,2025-05-14 01:30:00,1,2025-05-14,8.247798838888889,32.991195355555554,10.997065118518519,15.000000000000000,900.000000000000000,100.000000000000000,1,900.000000000000000,100.000000000000000
ex_b,L1,2025-05-14 00:45:00,20250514,4500,2025-05-14 01:45:00,1,2025-05-14,2.693634438888889,10.774537755555555,10.774537755555556,15.000000000000000,900.000000000000000,100.000000000000000,1,900.000000000000000,100.000000000000000
ex_b,L2,2025-05-14 00:45:00,20250514,4500,2025-05-14 01:45:00,1,2025-05-14,2.917529208333332,11.670116833333328,11.670116833333331,15.000000000000000,900.000000000000000,100.000000000000000,1,900.000000000000000,100.000000000000000
ex_b,L3,2025-05-14 00:45:00,20250514,4500,2025-05-14 01:45:00,1,2025-05-14,2.630565561111110,10.522262244444441,10.522262244444448,15.000000000000000,900.000000000000000,100.000000000000000,1,900.000000000000000,100.000000000000000
ex_b,ALL,2025-05-14 00:45:00,20250514,4500,2025-05-14 01:45:00,1,2025-05-14,8.241729208333330,32.966916833333322,10.988972277777778,15.000000000000000,900.000000000000000,100.000000000000000,1,900.000000000000000,100.000000000000000
ex_b,L1,2025-05-14 01:00:00,20250514,10000,2025-05-14 02:00:00,2,2025-05-14,2.699565752777776,10.798263011111105,10.798263011111109,15.000000000000000,900.000000000000000,100.000000000000000,1,900.000000000000000,100.000000000000000
ex_b,L2,2025-05-14 01:00:00,20250514,10000,2025-05-14 02:00:00,2,2025-05-14,2.919820938888888,11.679283755555554,11.679283755555554,15.000000000000000,900.000000000000000,100.000000000000000,1,900.000000000000000,100.000000000000000
ex_b,L3,2025-05-14 01:00:00,20250514,10000,2025-05-14 02:00:00,2,2025-05-14,2.636067533333333,10.544270133333331,10.544270133333333,15.000000000000000,900.000000000000000,100.000000000000000,1,900.000000000000000,100.000000000000000
ex_b,ALL,2025-05-14 01:00:00,20250514,10000,2025-05-14 02:00:00,2,2025-05-14,8.255454224999998,33.021816899999990,11.007272299999999,15.000000000000000,900.000000000000000,100.000000000000000,1,900.000000000000000,100.000000000000000
ex_b,L1,2025-05-14 01:15:00,20250514,11500,2025-05-14 02:15:00,2,2025-05-14,2.712894455555556,10.851577822222223,10.851577822222223,15.000000000000000,900.000000000000000,100.000000000000000,1,900.000000000000000,100.000000000000000
ex_b,L2,2025-05-14 01:15:00,20250514,11500,2025-05-14 02:15:00,2,2025-05-14,2.921828311111113,11.687313244444452,11.687313244444441,15.000000000000000,900.000000000000000,100.000000000000000,1,900.000000000000000,100.000000000000000
ex_b,L3,2025-05-14 01:15:00,20250514,11500,2025-05-14 02:15:00,2,2025-05-14,2.632475069444445,10.529900277777779,10.529900277777783,15.000000000000000,900.000000000000000,100.000000000000000,1,900.000000000000000,100.000000000000000
ex_b,ALL,2025-05-14 01:15:00,20250514,11500,2025-05-14 02:15:00,2,2025-05-14,8.267197836111114,33.068791344444456,11.022930448148148,15.000000000000000,900.000000000000000,100.000000000000000,1,900.000000000000000,100.000000000000000
ex_b,L1,2025-05-14 01:30:00,20250514,13000,2025-05-14 02:30:00,2,2025-05-14,2.709579097222223,10.838316388888893,10.838316388888886,15.000000000000000,900.000000000000000,100.000000000000000,1,900.000000000000000,100.000000000000000
ex_b,L2,2025-05-14 01:30:00,20250514,13000,2025-05-14 02:30:00,2,2025-05-14,2.925332038888889,11.701328155555554,11.701328155555556,15.000000000000000,900.000000000000000,100.000000000000000,1,900.000000000000000,100.000000000000000
ex_b,L3,2025-05-14 01:30:00,20250514,13000,2025-05-14 02:30:00,2,2025-05-14,2.639389080555556,10.557556322222224,10.557556322222226,15.000000000000000,900.000000000000000,100.000000000000000,1,900.000000000000000,100.000000000000000
ex_b,ALL,2025-05-14 01:30:00,20250514,13000,2025-05-14 02:30:00,2,2025-05-14,8.274300216666669,33.097200866666675,11.032400288888889,15.000000000000000,900.000000000000000,100.000000000000000,1,900.000000000000000,100.000000000000000
ex_b,L1,2025-05-14 01:45:00,20250514,14500,2025-05-14 02:45:00,2,2025-05-14,2.715403311111111,10.861613244444445,10.861613244444444,15.000000000000000,900.000000000000000,100.000000000000000,1,900.000000000000000,100.000000000000000
ex_b,L2,2025-05-14 01:45:00,20250514,14500,2025-05-14 02:45:00,2,2025-05-14,2.934929613888888,11.739718455555550,11.739718455555547,15.000000000000000,900.000000000000000,100.000000000000000,1,900.000000000000000,100.000000000000000
ex_b,L3,2025-05-14 01:45:00,20250514,14500,2025-05-14 02:45:00,2,2025-05-14,2.636256530555556,10.545026122222223,10.545026122222223,15.000000000000000,900.000000000000000,100.000000000000000,1,900.000000000000000,100.000000000000000
ex_b,ALL,2025-05-14 01:45:00,20250514,14500,2025-05-14 02:45:00,2,2025-05-14,8.286589455555555,33.146357822222221,11.048785940740737,15.000000000000000,900.000000000000000,100.000000000000000,1,900.000000000000000,100.000000000000000
ex_b,L1,2025-05-14 02:00:00,20250514,20000,2025-05-14 03:00:00,3,2025-05-14,2.708237627777777,10.832950511111109,10.832950511111113,15.000000000000000,900.000000000000000,100.000000000000000,1,900.000000000000000,100.000000000000000
ex_b,L2,2025-05-14 02:00:00,20250514,20000,2025-05-14 03:00:00,3,2025-05-14,2.940301144444444,11.761204577777777,11.761204577777777,15.000000000000000,900.000000000000000,100.000000000000000,1,900.000000000000000,100.000000000000000
ex_b,L3,2025-05-14 02:00:00,20250514,20000,2025-05-14 03:00:00,3,2025-05-14,2.638219458333333,10.552877833333334,10.552877833333334,15.000000000000000,900.000000000000000,100.000000000000000,1,900.000000000000000,100.000000000000000
ex_b,ALL,2025-05-14 02:00:00,20250514,20000,2025-05-14 03:00:00,3,2025-05-14,8.286758230555554,33.147032922222216,11.049010974074074,15.000000000000000,900.000000000000000,100.000000000000000,1,900.000000000000000,100.000000000000000
ex_b,L1,2025-05-14 02:15:00,20250514,21500,2025-05-14 03:15:00,3,2025-05-14,2.707807024999999,10.831228099999995,10.831228100000002,15.000000000000000,900.000000000000000,100.000000000000000,1,900.000000000000000,100.000000000000000
ex_b,L2,2025-05-14 02:15:00,20250514,21500,2025-05-14 03:15:00,3,2025-05-14,2.934069794444443,11.736279177777773,11.736279177777776,15.000000000000000,900.000000000000000,100.000000000000000,1,900.000000000000000,100.000000000000000
ex_b,L3,2025-05-14 02:15:00,20250514,21500,2025-05-14 03:15:00,3,2025-05-14,2.651557919444444,10.606231677777776,10.606231677777782,15.000000000000000,900.000000000000000,100.000000000000000,1,900.000000000000000,100.000000000000000
ex_b,ALL,2025-05-14 02:15:00,20250514,21500,2025-05-14 03:15:00,3,2025-05-14,8.293434738888886,33.173738955555542,11.057912985185187,15.000000000000000,900.000000000000000,100.000000000000000,1,900.000000000000000,100.000000000000000
ex_b,L1,2025-05-14 02:30:00,20250514,23000,2025-05-14 03:30:00,3,2025-05-14,2.709289488888888,10.837157955555552,10.837157955555563,15.000000000000000,900.000000000000000,100.000000000000000,1,900.000000000000000,100.000000000000000
ex_b,L2,2025-05-14 02:30:00,20250514,23000,2025-05-14 03:30:00,3,2025-05-14,2.924658280555557,11.698633122222228,11.698633122222230,15.000000000000000,900.000000000000000,100.000000000000000,1,900.000000000000000,100.000000000000000
ex_b,L3,2025-05-14 02:30:00,20250514,23000,2025-05-14 03:30:00,3,2025-05-14,2.655775947222223,10.623103788888891,10.623103788888889,15.000000000000000,900.000000000000000,100.000000000000000,1,900.000000000000000,100.000000000000000
ex_b,ALL,2025-05-14 02:30:00,20250514,23000,2025-05-14 03:30:00,3,2025-05-14,8.289723716666668,33.158894866666671,11.052964955555559,15.000000000000000,900.000000000000000,100.000000000000000,1,900.000000000000000,100.000000000000000
ex_b,L1,2025-05-14 02:45:00,20250514,24500,2025-05-14 03:45:00,3,2025-05-14,2.717489644444444,10.869958577777776,10.869958577777782,15.000000000000000,900.000000000000000,100.000000000000000,1,900.000000000000000,100.000000000000000
ex_b,L2,2025-05-14 02:45:00,20250514,24500,2025-05-14 03:45:00,3,2025-05-14,2.944232608333333,11.776930433333332,11.776930433333330,15.000000000000000,900.000000000000000,100.000000000000000,1,900.000000000000000,100.000000000000000
ex_b,L3,2025-05-14 02:45:00,20250514,24500,2025-05-14 03:45:00,3,2025-05-14,2.656107708333335,10.624430833333339,10.624430833333333,15.000000000000000,900.000000000000000,100.000000000000000,1,900.000000000000000,100.000000000000000
ex_b,ALL,2025-05-14 02:45:00,20250514,24500,2025-05-14 03:45:00,3,2025-05-14,8.317829961111112,33.271319844444449,11.090439948148147,15.000000000000000,900.000000000000000,100.000000000000000,1,900.000000000000000,100.000000000000000
ex_b,L1,2025-05-14 03:00:00,20250514,30000,2025-05-14 04:00:00,4,2025-05-14,2.713545377777778,10.854181511111111,10.854181511111111,15.000000000000000,900.000000000000000,100.000000000000000,1,900.000000000000000,100.000000000000000
ex_b,L2,2025-05-14 03:00:00,20250514,30000,2025-05-14 04:00:00,4,2025-05-14,2.941545327777778,11.766181311111112,11.766181311111110,15.000000000000000,900.000000000000000,100.000000000000000,1,900.000000000000000,100.000000000000000
ex_b,L3,2025-05-14 03:00:00,20250514,30000,2025-05-14 04:00:00,4,2025-05-14,2.663597338888889,10.654389355555557,10.654389355555557,15.000000000000000,900.000000000000000,100.000000000000000,1,900.000000000000000,100.000000000000000
ex_b,ALL,2025-05-14 03:00:00,20250514,30000,2025-05-14 04:00:00,4,2025-05-14,8.318688044444444,33.274752177777778,11.091584059259260,15.000000000000000,900.000000000000000,100.000000000000000,1,900.000000000000000,100.000000000000000
ex_b,L1,2025-05-14 03:15:00,20250514,31500,2025-05-14 04:15:00,4,2025-05-14,2.708873358333332,10.835493433333330,10.835493433333330,15.000000000000000,900.000000000000000,100.000000000000000,1,900.000000000000000,100.000000000000000
ex_b,L2,2025-05-14 03:15:00,20250514,31500,2025-05-14 04:15:00,4,2025-05-14,2.938209894444446,11.752839577777783,11.752839577777777,15.000000000000000,900.000000000000000,100.000000000000000,1,900.000000000000000,100.000000000000000
ex_b,L3,2025-05-14 03:15:00,20250514,31500,2025-05-14 04:15:00,4,2025-05-14,2.663332336111111,10.653329344444442,10.653329344444444,15.000000000000000,900.000000000000000,100.000000000000000,1,900.000000000000000,100.000000000000000
ex_b,ALL,2025-05-14 03:15:00,20250514,31500,2025-05-14 04:15:00,4,2025-05-14,8.310415588888889,33.241662355555555,11.080554118518517,15.000000000000000,900.000000000000000,100.000000000000000,1,900.000000000000000,100.000000000000000
ex_b,L1,2025-05-14 03:30:00,20250514,33000,2025-05-14 04:30:00,4,2025-05-14,2.713873266666667,10.855493066666668,10.855493066666666,15.000000000000000,900.000000000000000,100.000000000000000,1,900.000000000000000,100.000000000000000
ex_b,L2,2025-05-14 03:30:00,20250514,33000,2025-05-14 04:30:00,4,2025-05-14,2.938418755555556,11.753675022222223,11.753675022222220,15.000000000000000,900.000000000000000,100.000000000000000,1,900.000000000000000,100.000000000000000
ex_b,L3,2025-05-14 03:30:00,20250514,33000,2025-05-14 04:30:00,4,2025-05-14,2.669770283333334,10.679081133333336,10.679081133333337,15.000000000000000,900.000000000000000,100.000000000000000,1,900.000000000000000,100.000000000000000
ex_b,ALL,2025-05-14 03:30:00,20250514,33000,2025-05-14 04:30:00,4,2025-05-14,8.322062305555557,33.288249222222227,11.096083074074077,15.000000000000000,900.000000000000000,100.000000000000000,1,900.000000000000000,100.000000000000000
ex_b,L1,2025-05-14 03:45:00,20250514,34500,2025-05-14 04:45:00,4,2025-05-14,2.720805261111111,10.883221044444445,10.883221044444443,15.000000000000000,900.000000000000000,100.000000000000000,1,900.000000000000000,100.000000000000000
ex_b,L2,2025-05-14 03:45:00,20250514,34500,2025-05-14 04:45:00,4,2025-05-14,2.938628872222221,11.754515488888885,11.754515488888892,15.000000000000000,900.000000000000000,100.000000000000000,1,900.000000000000000,100.000000000000000
ex_b,L3,2025-05-14 03:45:00,20250514,34500,2025-05-14 04:45:00,4,2025-05-14,2.680606141666666,10.722424566666666,10.722424566666671,15.000000000000000,900.000000000000000,100.000000000000000,1,900.000000000000000,100.000000000000000
ex_b,ALL,2025-05-14 03:45:00,20250514,34500,2025-05-14 04:45:00,4,2025-05-14,8.340040275000000,33.360161099999999,11.120053700000000,15.000000000000000,900.000000000000000,100.000000000000000,1,900.000000000000000,100.000000000000000
ex_b,L1,2025-05-14 04:00:00,20250514,40000,2025-05-14 05:00:00,5,2025-05-14,2.705195625000000,10.820782500000002,10.820782499999996,15.000000000000000,900.000000000000000,100.000000000000000,1,900.000000000000000,100.000000000000000
ex_b,L2,2025-05-14 04:00:00,20250514,40000,2025-05-14 05:00:00,5,2025-05-14,2.929363730555556,11.717454922222226,11.717454922222229,15.000000000000000,900.000000000000000,100.000000000000000,1,900.000000000000000,100.000000000000000
ex_b,L3,2025-05-14 04:00:00,20250514,40000,2025-05-14 05:00:00,5,2025-05-14,2.677623047222221,10.710492188888885,10.710492188888885,15.000000000000000,900.000000000000000,100.000000000000000,1,900.000000000000000,100.000000000000000
ex_b,ALL,2025-05-14 04:00:00,20250514,40000,2025-05-14 05:00:00,5,2025-05-14,8.312182402777777,33.248729611111109,11.082909870370370,15.000000000000000,900.000000000000000,100.000000000000000,1,900.000000000000000,100.000000000000000
ex_b,L1,2025-05-14 04:15:00,20250514,41500,2025-05-14 05:15:00,5,2025-05-14,2.710442124999998,10.841768499999992,10.841768499999999,15.000000000000000,900.000000000000000,100.000000000000000,1,900.000000000000000,100.000000000000000
ex_b,L2,2025-05-14 04:15:00,20250514,41500,2025-05-14 05:15:00,5,2025-05-14,2.924183016666666,11.696732066666666,11.696732066666664,15.000000000000000,900.000000000000000,100.000000000000000,1,900.000000000000000,100.000000000000000
ex_b,L3,2025-05-14 04:15:00,20250514,41500,2025-05-14 05:15:00,5,2025-05-14,2.682051311111112,10.728205244444446,10.728205244444442,15.000000000000000,900.000000000000000,100.000000000000000,1,900.000000000000000,100.000000000000000
ex_b,ALL,2025-05-14 04:15:00,20250514,41500,2025-05-14 05:15:00,5,2025-05-14,8.316676452777777,33.266705811111109,11.088901937037035,15.000000000000000,900.000000000000000,100.000000000000000,1,900.000000000000000,100.000000000000000
ex_b,L1,2025-05-14 04:30:00,20250514,43000,2025-05-14 05:30:00,5,2025-05-14,2.709310991666667,10.837243966666669,10.837243966666666,15.000000000000000,900.000000000000000,100.000000000000000,1,900.000000000000000,100.000000000000000
ex_b,L2,2025-05-14 04:30:00,20250514,43000,2025-05-14 05:30:00,5,2025-05-14,2.902410936111111,11.609643744444446,11.609643744444448,15.000000000000000,900.000000000000000,100.000000000000000,1,900.000000000000000,100.000000000000000
ex_b,L3,2025-05-14 04:30:00,20250514,43000,2025-05-14 05:30:00,5,2025-05-14,2.667585975000000,10.670343899999999,10.670343899999999,15.000000000000000,900.000000000000000,100.000000000000000,1,900.000000000000000,100.000000000000000
ex_b,ALL,2025-05-14 04:30:00,20250514,43000,2025-05-14 05:30:00,5,2025-05-14,8.279307902777779,33.117231611111116,11.039077203703703,15.000000000000000,900.000000000000000,100.000000000000000,1,900.000000000000000,100.000000000000000
ex_b,L1,2025-05-14 04:45:00,20250514,44500,2025-05-14 05:45:00,5,2025-05-14,2.714457613888889,10.857830455555558,10.857830455555554,15.000000000000000,900.000000000000000,100.000000000000000,1,900.000000000000000,100.000000000000000
ex_b,L2,2025-05-14 04:45:00,20250514,44500,2025-05-14 05:45:00,5,2025-05-14,2.903422280555556,11.613689122222222,11.613689122222224,15.000000000000000,900.000000000000000,100.000000000000000,1,900.000000000000000,100.000000000000000
ex_b,L3,2025-05-14 04:45:00,20250514,44500,2025-05-14 05:45:00,5,2025-05-14,2.668754680555555,10.675018722222219,10.675018722222223,15.000000000000000,900.000000000000000,100.000000000000000,1,900.000000000000000,100.000000000000000
ex_b,ALL,2025-05-14 04:45:00,20250514,44500,2025-05-14 05:45:00,5,2025-05-14,8.286634575000001,33.146538300000003,11.048846100000000,15.000000000000000,900.000000000000000,100.000000000000000,1,900.000000000000000,100.000000000000000
ex_b,L1,2025-05-14 05:00:00,20250514,50000,2025-05-14 06:00:00,6,2025-05-14,2.709573794444444,10.838295177777775,10.838295177777782,15.000000000000000,900.000000000000000,100.000000000000000,1,900.000000000000000,100.000000000000000
ex_b,L2,2025-05-14 05:00:00,20250514,50000,2025-05-14 06:00:00,6,2025-05-14,2.871039286111111,11.484157144444444,11.484157144444444,15.000000000000000,900.000000000000000,100.000000000000000,1,900.000000000000000,100.000000000000000
ex_b,L3,2025-05-14 05:00:00,20250514,50000,2025-05-14 06:00:00,6,2025-05-14,2.641835825000001,10.567343300000003,10.567343299999999,15.000000000000000,900.000000000000000,100.000000000000000,1,900.000000000000000,100.000000000000000
ex_b,ALL,2025-05-14 05:00:00,20250514,50000,2025-05-14 06:00:00,6,2025-05-14,8.222448905555556,32.889795622222223,10.963265207407408,15.000000000000000,900.000000000000000,100.000000000000000,1,900.000000000000000,100.000000000000000
ex_b,L1,2025-05-14 05:15:00,20250514,51500,2025-05-14 06:15:00,6,2025-05-14,2.733413272222224,10.933653088888894,10.933653088888887,15.000000000000000,900.000000000000000,100.000000000000000,1,900.000000000000000,100.000000000000000
ex_b,L2,2025-05-14 05:15:00,20250514,51500,2025-05-14 06:15:00,6,2025-05-14,2.874443925000001,11.497775700000005,11.497775699999998,15.000000000000000,900.000000000000000,100.000000000000000,1,900.000000000000000,100.000000000000000
ex_b,L3,2025-05-14 05:15:00,20250514,51500,2025-05-14 06:15:00,6,2025-05-14,2.652922769444444,10.611691077777778,10.611691077777776,15.000000000000000,900.000000000000000,100.000000000000000,1,900.000000000000000,100.000000000000000
ex_b,ALL,2025-05-14 05:15:00,20250514,51500,2025-05-14 06:15:00,6,2025-05-14,8.260779966666670,33.043119866666679,11.014373288888887,15.000000000000000,900.000000000000000,100.000000000000000,1,900.000000000000000,100.000000000000000
ex_b,L1,2025-05-14 05:30:00,20250514,53000,2025-05-14 06:30:00,6,2025-05-14,2.733619652777779,10.934478611111114,10.934478611111109,15.000000000000000,900.000000000000000,100.000000000000000,1,900.000000000000000,100.000000000000000
ex_b,L2,2025-05-14 05:30:00,20250514,53000,2025-05-14 06:30:00,6,2025-05-14,2.858131119444446,11.432524477777783,11.432524477777779,15.000000000000000,900.000000000000000,100.000000000000000,1,900.000000000000000,100.000000000000000
ex_b,L3,2025-05-14 05:30:00,20250514,53000,2025-05-14 06:30:00,6,2025-05-14,2.635810611111110,10.543242444444441,10.543242444444449,15.000000000000000,900.000000000000000,100.000000000000000,1,900.000000000000000,100.000000000000000
ex_b,ALL,2025-05-14 05:30:00,20250514,53000,2025-05-14 06:30:00,6,2025-05-14,8.227561383333335,32.910245533333338,10.970081844444447,15.000000000000000,900.000000000000000,100.000000000000000,1,900.000000000000000,100.000000000000000
ex_b,L1,2025-05-14 05:45:00,20250514,54500,2025-05-14 06:45:00,6,2025-05-14,2.718392555555556,10.873570222222224,10.873570222222220,15.000000000000000,900.000000000000000,100.000000000000000,1,900.000000000000000,100.000000000000000
ex_b,L2,2025-05-14 05:45:00,20250514,54500,2025-05-14 06:45:00,6,2025-05-14,2.875935958333332,11.503743833333330,11.503743833333338,15.000000000000000,900.000000000000000,100.000000000000000,1,900.000000000000000,100.000000000000000
ex_b,L3,2025-05-14 05:45:00,20250514,54500,2025-05-14 06:45:00,6,2025-05-14,2.643070533333332,10.572282133333328,10.572282133333331,15.000000000000000,900.000000000000000,100.000000000000000,1,900.000000000000000,100.000000000000000
ex_b,ALL,2025-05-14 05:45:00,20250514,54500,2025-05-14 06:45:00,6,2025-05-14,8.237399047222221,32.949596188888883,10.983198729629631,15.000000000000000,900.000000000000000,100.000000000000000,1,900.000000000000000,100.000000000000000
ex_b,L1,2025-05-14 06:00:00,20250514,60000,2025-05-14 07:00:00,7,2025-05-14,2.697157349999999,10.788629399999996,10.788629400000007,15.000000000000000,900.000000000000000,100.000000000000000,1,900.000000000000000,100.000000000000000
ex_b,L2,2025-05-14 06:00:00,20250514,60000,2025-05-14 07:00:00,7,2025-05-14,2.891152233333333,11.564608933333334,11.564608933333336,15.000000000000000,900.000000000000000,100.000000000000000,1,900.000000000000000,100.000000000000000
ex_b,L3,2025-05-14 06:00:00,20250514,60000,2025-05-14 07:00:00,7,2025-05-14,2.682284861111111,10.729139444444442,10.729139444444446,15.000000000000000,900.000000000000000,100.000000000000000,1,900.000000000000000,100.000000000000000
ex_b,ALL,2025-05-14 06:00:00,20250514,60000,2025-05-14 07:00:00,7,2025-05-14,8.270594444444443,33.082377777777772,11.027459259259262,15.000000000000000,900.000000000000000,100.000000000000000,1,900.000000000000000,100.000000000000000
ex_b,L1,2025-05-14 06:15:00,20250514,61500,2025-05-14 07:15:00,7,2025-05-14,2.729943691666666,10.919774766666663,10.919774766666670,15.000000000000000,900.000000000000000,100.000000000000000,1,900.000000000000000,100.000000000000000
ex_b,L2,2025-05-14 06:15:00,20250514,61500,2025-05-14 07:15:00,7,2025-05-14,2.950511261111111,11.802045044444442,11.802045044444441,15.000000000000000,900.000000000000000,100.000000000000000,1,900.000000000000000,100.000000000000000
ex_b,L3,2025-05-14 06:15:00,20250514,61500,2025-05-14 07:15:00,7,2025-05-14,2.711543372222221,10.846173488888883,10.846173488888892,15.000000000000000,900.000000000000000,100.000000000000000,1,900.000000000000000,100.000000000000000
ex_b,ALL,2025-05-14 06:15:00,20250514,61500,2025-05-14 07:15:00,7,2025-05-14,8.391998324999998,33.567993299999991,11.189331100000000,15.000000000000000,900.000000000000000,100.000000000000000,1,900.000000000000000,100.000000000000000
ex_b,L1,2025-05-14 06:30:00,20250514,63000,2025-05-14 07:30:00,7,2025-05-14,2.734349586111112,10.937398344444448,10.937398344444444,15.000000000000000,900.000000000000000,100.000000000000000,1,900.000000000000000,100.000000000000000
ex_b,L2,2025-05-14 06:30:00,20250514,63000,2025-05-14 07:30:00,7,2025-05-14,2.929507163888889,11.718028655555557,11.718028655555557,15.000000000000000,900.000000000000000,100.000000000000000,1,900.000000000000000,100.000000000000000
ex_b,L3,2025-05-14 06:30:00,20250514,63000,2025-05-14 07:30:00,7,2025-05-14,2.706731355555556,10.826925422222224,10.826925422222221,15.000000000000000,900.000000000000000,100.000000000000000,1,900.000000000000000,100.000000000000000
ex_b,ALL,2025-05-14 06:30:00,20250514,63000,2025-05-14 07:30:00,7,2025-05-14,8.370588105555557,33.482352422222228,11.160784140740740,15.000000000000000,900.000000000000000,100.000000000000000,1,900.000000000000000,100.000000000000000
ex_b,L1,2025-05-14 06:45:00,20250514,64500,2025-05-14 07:45:00,7,2025-05-14,2.730598891666667,10.922395566666669,10.922395566666665,15.000000000000000,900.000000000000000,100.000000000000000,1,900.000000000000000,100.000000000000000
ex_b,L2,2025-05-14 06:45:00,20250514,64500,2025-05-14 07:45:00,7,2025-05-14,2.916417730555555,11.665670922222221,11.665670922222221,15.000000000000000,900.000000000000000,100.000000000000000,1,900.000000000000000,100.000000000000000
ex_b,L3,2025-05-14 06:45:00,20250514,64500,2025-05-14 07:45:00,7,2025-05-14,2.687336441666667,10.749345766666668,10.749345766666666,15.000000000000000,900.000000000000000,100.000000000000000,1,900.000000000000000,100.000000000000000
ex_b,ALL,2025-05-14 06:45:00,20250514,64500,2025-05-14 07:45:00,7,2025-05-14,8.334353063888891,33.337412255555563,11.112470751851850,15.000000000000000,900.000000000000000,100.000000000000000,1,900.000000000000000,100.000000000000000
ex_b,L1,2025-05-14 07:00:00,20250514,70000,2025-05-14 08:00:00,8,2025-05-14,2.691401227777778,10.765604911111112,10.765604911111108,15.000000000000000,900.000000000000000,100.000000000000000,1,900.000000000000000,100.000000000000000
ex_b,L2,2025-05-14 07:00:00,20250514,70000,2025-05-14 08:00:00,8,2025-05-14,2.877934894444446,11.511739577777783,11.511739577777776,15.000000000000000,900.000000000000000,100.000000000000000,1,900.000000000000000,100.000000000000000
ex_b,L3,2025-05-14 07:00:00,20250514,70000,2025-05-14 08:00:00,8,2025-05-14,2.672855199999999,10.691420799999996,10.691420800000003,15.000000000000000,900.000000000000000,100.000000000000000,1,900.000000000000000,100.000000000000000
ex_b,ALL,2025-05-14 07:00:00,20250514,70000,2025-05-14 08:00:00,8,2025-05-14,8.242191322222222,32.968765288888889,10.989588429629631,15.000000000000000,900.000000000000000,100.000000000000000,1,900.000000000000000,100.000000000000000
ex_b,L1,2025-05-14 07:15:00,20250514,71500,2025-05-14 08:15:00,8,2025-05-14,2.710485427777779,10.841941711111117,10.841941711111108,15.000000000000000,900.000000000000000,100.000000000000000,1,900.000000000000000,100.000000000000000
ex_b,L2,2025-05-14 07:15:00,20250514,71500,2025-05-14 08:15:00,8,2025-05-14,2.889685766666666,11.558743066666665,11.558743066666670,15.000000000000000,900.000000000000000,100.000000000000000,1,900.000000000000000,100.000000000000000
ex_b,L3,2025-05-14 07:15:00,20250514,71500,2025-05-14 08:15:00,8,2025-05-14,2.684994055555555,10.739976222222220,10.739976222222225,15.000000000000000,900.000000000000000,100.000000000000000,1,900.000000000000000,100.000000000000000
ex_b,ALL,2025-05-14 07:15:00,20250514,71500,2025-05-14 08:15:00,8,2025-05-14,8.285165250000000,33.140661000000001,11.046887000000002,15.000000000000000,900.000000000000000,100.000000000000000,1,900.000000000000000,100.000000000000000
ex_b,L1,2025-05-14 07:30:00,20250514,73000,2025-05-14 08:30:00,8,2025-05-14,2.727244288888889,10.908977155555558,10.908977155555554,15.000000000000000,900.000000000000000,100.000000000000000,1,900.000000000000000,100.000000000000000
ex_b,L2,2025-05-14 07:30:00,20250514,73000,2025-05-14 08:30:00,8,2025-05-14,2.886759902777777,11.547039611111110,11.547039611111110,15.000000000000000,900.000000000000000,100.000000000000000,1,900.000000000000000,100.000000000000000
ex_b,L3,2025-05-14 07:30:00,20250514,73000,2025-05-14 08:30:00,8,2025-05-14,2.695597855555556,10.782391422222222,10.782391422222224,15.000000000000000,900.000000000000000,100.000000000000000,1,900.000000000000000,100.000000000000000
ex_b,ALL,2025-05-14 07:30:00,20250514,73000,2025-05-14 08:30:00,8,2025-05-14,8.309602047222223,33.238408188888890,11.079469396296298,15.000000000000000,900.000000000000000,100.000000000000000,1,900.000000000000000,100.000000000000000
ex_b,L1,2025-05-14 07:45:00,20250514,74500,2025-05-14 08:45:00,8,2025-05-14,2.733266752777777,10.933067011111108,10.933067011111111,15.000000000000000,900.000000000000000,100.000000000000000,1,900.000000000000000,100.000000000000000
ex_b,L2,2025-05-14 07:45:00,20250514,74500,2025-05-14 08:45:00,8,2025-05-14,2.885766488888889,11.543065955555557,11.543065955555553,15.000000000000000,900.000000000000000,100.000000000000000,1,900.000000000000000,100.000000000000000
ex_b,L3,2025-05-14 07:45:00,20250514,74500,2025-05-14 08:45:00,8,2025-05-14,2.711743366666666,10.846973466666663,10.846973466666663,15.000000000000000,900.000000000000000,100.000000000000000,1,900.000000000000000,100.000000000000000
ex_b,ALL,2025-05-14 07:45:00,20250514,74500,2025-05-14 08:45:00,8,2025-05-14,8.330776608333332,33.323106433333329,11.107702144444444,15.000000000000000,900.000000000000000,100.000000000000000,1,900.000000000000000,100.000000000000000
ex_b,L1,2025-05-14 08:00:00,20250514,80000,2025-05-14 09:00:00,9,2025-05-14,2.746760291666666,10.987041166666666,10.987041166666664,15.000000000000000,900.000000000000000,100.000000000000000,1,900.000000000000000,100.000000000000000
ex_b,L2,2025-05-14 08:00:00,20250514,80000,2025-05-14 09:00:00,9,2025-05-14,2.899558444444444,11.598233777777777,11.598233777777782,15.000000000000000,900.000000000000000,100.000000000000000,1,900.000000000000000,100.000000000000000
ex_b,L3,2025-05-14 08:00:00,20250514,80000,2025-05-14 09:00:00,9,2025-05-14,2.726851069444444,10.907404277777776,10.907404277777781,15.000000000000000,900.000000000000000,100.000000000000000,1,900.000000000000000,100.000000000000000
ex_b,ALL,2025-05-14 08:00:00,20250514,80000,2025-05-14 09:00:00,9,2025-05-14,8.373169805555554,33.492679222222215,11.164226407407408,15.000000000000000,900.000000000000000,100.000000000000000,1,900.000000000000000,100.000000000000000
ex_b,L1,2025-05-14 08:15:00,20250514,81500,2025-05-14 09:15:00,9,2025-05-14,2.726178491666668,10.904713966666671,10.904713966666664,15.000000000000000,900.000000000000000,100.000000000000000,1,900.000000000000000,100.000000000000000
ex_b,L2,2025-05-14 08:15:00,20250514,81500,2025-05-14 09:15:00,9,2025-05-14,2.910859883333333,11.643439533333332,11.643439533333339,15.000000000000000,900.000000000000000,100.000000000000000,1,900.000000000000000,100.000000000000000
ex_b,L3,2025-05-14 08:15:00,20250514,81500,2025-05-14 09:15:00,9,2025-05-14,2.718302683333334,10.873210733333336,10.873210733333336,15.000000000000000,900.000000000000000,100.000000000000000,1,900.000000000000000,100.000000000000000
ex_b,ALL,2025-05-14 08:15:00,20250514,81500,2025-05-14 09:15:00,9,2025-05-14,8.355341058333334,33.421364233333335,11.140454744444447,15.000000000000000,900.000000000000000,100.000000000000000,1,900.000000000000000,100.000000000000000
ex_b,L1,2025-05-14 08:30:00,20250514,83000,2025-05-14 09:30:00,9,2025-05-14,2.730164888888889,10.920659555555556,10.920659555555556,15.000000000000000,900.000000000000000,100.000000000000000,1,900.000000000000000,100.000000000000000
ex_b,L2,2025-05-14 08:30:00,20250514,83000,2025-05-14 09:30:00,9,2025-05-14,2.896502555555555,11.586010222222219,11.586010222222225,15.000000000000000,900.000000000000000,100.000000000000000,1,900.000000000000000,100.000000000000000
ex_b,L3,2025-05-14 08:30:00,20250514,83000,2025-05-14 09:30:00,9,2025-05-14,2.711404088888887,10.845616355555547,10.845616355555554,15.000000000000000,900.000000000000000,100.000000000000000,1,900.000000000000000,100.000000000000000
ex_b,ALL,2025-05-14 08:30:00,20250514,83000,2025-05-14 09:30:00,9,2025-05-14,8.338071533333331,33.352286133333322,11.117428711111112,15.000000000000000,900.000000000000000,100.000000000000000,1,900.000000000000000,100.000000000000000
ex_b,L1,2025-05-14 08:45:00,20250514,84500,2025-05-14 09:45:00,9,2025-05-14,2.719198544444444,10.876794177777777,10.876794177777779,15.000000000000000,900.000000000000000,100.000000000000000,1,900.000000000000000,100.000000000000000
ex_b,L2,2025-05-14 08:45:00,20250514,84500,2025-05-14 09:45:00,9,2025-05-14,2.892530047222220,11.570120188888881,11.570120188888886,15.000000000000000,900.000000000000000,100.000000000000000,1,900.000000000000000,100.000000000000000
ex_b,L3,2025-05-14 08:45:00,20250514,84500,2025-05-14 09:45:00,9,2025-05-14,2.730772847222222,10.923091388888887,10.923091388888896,15.000000000000000,900.000000000000000,100.000000000000000,1,900.000000000000000,100.000000000000000
ex_b,ALL,2025-05-14 08:45:00,20250514,84500,2025-05-14 09:45:00,9,2025-05-14,8.342501438888887,33.370005755555546,11.123335251851854,15.000000000000000,900.000000000000000,100.000000000000000,1,900.000000000000000,100.000000000000000
ex_b,L1,2025-05-14 09:00:00,20250514,90000,2025-05-14 10:00:00,10,2025-05-14,2.717660713888889,10.870642855555557,10.870642855555561,15.000000000000000,900.000000000000000,100.000000000000000,1,900.000000000000000,100.000000000000000
ex_b,L2,2025-05-14 09:00:00,20250514,90000,2025-05-14 10:00:00,10,2025-05-14,2.920442566666666,11.681770266666666,11.681770266666668,15.000000000000000,900.000000000000000,100.000000000000000,1,900.000000000000000,100.000000000000000
ex_b,L3,2025-05-14 09:00:00,20250514,90000,2025-05-14 10:00:00,10,2025-05-14,2.728870202777779,10.915480811111115,10.915480811111106,15.000000000000000,900.000000000000000,100.000000000000000,1,900.000000000000000,100.000000000000000
ex_b,ALL,2025-05-14 09:00:00,20250514,90000,2025-05-14 10:00:00,10,2025-05-14,8.366973483333334,33.467893933333336,11.155964644444445,15.000000000000000,900.000000000000000,100.000000000000000,1,900.000000000000000,100.000000000000000
ex_b,L1,2025-05-14 09:15:00,20250514,91500,2025-05-14 10:15:00,10,2025-05-14,2.733523249999998,10.934092999999994,10.934092999999997,15.000000000000000,900.000000000000000,100.000000000000000,1,900.000000000000000,100.000000000000000
ex_b,L2,2025-05-14 09:15:00,20250514,91500,2025-05-14 10:15:00,10,2025-05-14,2.905270475000001,11.621081900000004,11.621081899999997,15.000000000000000,900.000000000000000,100.000000000000000,1,900.000000000000000,100.000000000000000
ex_b,L3,2025-05-14 09:15:00,20250514,91500,2025-05-14 10:15:00,10,2025-05-14,2.718502669444444,10.874010677777775,10.874010677777779,15.000000000000000,900.000000000000000,100.000000000000000,1,900.000000000000000,100.000000000000000
ex_b,ALL,2025-05-14 09:15:00,20250514,91500,2025-05-14 10:15:00,10,2025-05-14,8.357296394444443,33.429185577777773,11.143061859259257,15.000000000000000,900.000000000000000,100.000000000000000,1,900.000000000000000,100.000000000000000
ex_b,L1,2025-05-14 09:30:00,20250514,93000,2025-05-14 10:30:00,10,2025-05-14,2.720831116666666,10.883324466666664,10.883324466666661,15.000000000000000,900.000000000000000,100.000000000000000,1,900.000000000000000,100.000000000000000
ex_b,L2,2025-05-14 09:30:00,20250514,93000,2025-05-14 10:30:00,10,2025-05-14,2.893163516666667,11.572654066666667,11.572654066666663,15.000000000000000,900.000000000000000,100.000000000000000,1,900.000000000000000,100.000000000000000
ex_b,L3,2025-05-14 09:30:00,20250514,93000,2025-05-14 10:30:00,10,2025-05-14,2.711069972222222,10.844279888888888,10.844279888888886,15.000000000000000,900.000000000000000,100.000000000000000,1,900.000000000000000,100.000000000000000
ex_b,ALL,2025-05-14 09:30:00,20250514,93000,2025-05-14 10:30:00,10,2025-05-14,8.325064605555553,33.300258422222214,11.100086140740737,15.000000000000000,900.000000000000000,100.000000000000000,1,900.000000000000000,100.000000000000000
ex_b,L1,2025-05-14 09:45:00,20250514,94500,2025-05-14 10:45:00,10,2025-05-14,2.722769563888888,10.891078255555552,10.891078255555556,15.000000000000000,900.000000000000000,100.000000000000000,1,900.000000000000000,100.000000000000000
ex_b,L2,2025-05-14 09:45:00,20250514,94500,2025-05-14 10:45:00,10,2025-05-14,2.879568594444444,11.518274377777775,11.518274377777773,15.000000000000000,900.000000000000000,100.000000000000000,1,900.000000000000000,100.000000000000000
ex_b,L3,2025-05-14 09:45:00,20250514,94500,2025-05-14 10:45:00,10,2025-05-14,2.704277997222222,10.817111988888886,10.817111988888891,15.000000000000000,900.000000000000000,100.000000000000000,1,900.000000000000000,100.000000000000000
ex_b,ALL,2025-05-14 09:45:00,20250514,94500,2025-05-14 10:45:00,10,2025-05-14,8.306616155555552,33.226464622222210,11.075488207407405,15.000000000000000,900.000000000000000,100.000000000000000,1,900.000000000000000,100.000000000000000
ex_b,L1,2025-05-14 10:00:00,20250514,100000,2025-05-14 11:00:00,11,2025-05-14,2.734574808333334,10.938299233333336,10.938299233333332,15.000000000000000,900.000000000000000,100.000000000000000,1,900.000000000000000,100.000000000000000
ex_b,L2,2025-05-14 10:00:00,20250514,100000,2025-05-14 11:00:00,11,2025-05-14,2.886265872222223,11.545063488888893,11.545063488888887,15.000000000000000,900.000000000000000,100.000000000000000,1,900.000000000000000,100.000000000000000
ex_b,L3,2025-05-14 10:00:00,20250514,100000,2025-05-14 11:00:00,11,2025-05-14,2.725639738888889,10.902558955555556,10.902558955555556,15.000000000000000,900.000000000000000,100.000000000000000,1,900.000000000000000,100.000000000000000
ex_b,ALL,2025-05-14 10:00:00,20250514,100000,2025-05-14 11:00:00,11,2025-05-14,8.346480419444447,33.385921677777787,11.128640559259258,15.000000000000000,900.000000000000000,100.000000000000000,1,900.000000000000000,100.000000000000000
ex_b,L1,2025-05-14 10:15:00,20250514,101500,2025-05-14 11:15:00,11,2025-05-14,2.750212602777778,11.000850411111111,11.000850411111109,15.000000000000000,900.000000000000000,100.000000000000000,1,900.000000000000000,100.000000000000000
ex_b,L2,2025-05-14 10:15:00,20250514,101500,2025-05-14 11:15:00,11,2025-05-14,2.874529708333333,11.498118833333331,11.498118833333329,15.000000000000000,900.000000000000000,100.000000000000000,1,900.000000000000000,100.000000000000000
ex_b,L3,2025-05-14 10:15:00,20250514,101500,2025-05-14 11:15:00,11,2025-05-14,2.705245252777777,10.820981011111108,10.820981011111117,15.000000000000000,900.000000000000000,100.000000000000000,1,900.000000000000000,100.000000000000000
ex_b,ALL,2025-05-14 10:15:00,20250514,101500,2025-05-14 11:15:00,11,2025-05-14,8.329987563888887,33.319950255555547,11.106650085185185,15.000000000000000,900.000000000000000,100.000000000000000,1,900.000000000000000,100.000000000000000
ex_b,L1,2025-05-14 10:30:00,20250514,103000,2025-05-14 11:30:00,11,2025-05-14,2.708518941666666,10.834075766666663,10.834075766666663,15.000000000000000,900.000000000000000,100.000000000000000,1,900.000000000000000,100.000000000000000
ex_b,L2,2025-05-14 10:30:00,20250514,103000,2025-05-14 11:30:00,11,2025-05-14,2.848501822222222,11.394007288888890,11.394007288888893,15.000000000000000,900.000000000000000,100.000000000000000,1,900.000000000000000,100.000000000000000
ex_b,L3,2025-05-14 10:30:00,20250514,103000,2025-05-14 11:30:00,11,2025-05-14,2.685265977777778,10.741063911111111,10.741063911111116,15.000000000000000,900.000000000000000,100.000000000000000,1,900.000000000000000,100.000000000000000
ex_b,ALL,2025-05-14 10:30:00,20250514,103000,2025-05-14 11:30:00,11,2025-05-14,8.242286741666666,32.969146966666663,10.989715655555557,15.000000000000000,900.000000000000000,100.000000000000000,1,900.000000000000000,100.000000000000000
ex_b,L1,2025-05-14 10:45:00,20250514,104500,2025-05-14 11:45:00,11,2025-05-14,2.739617469444444,10.958469877777777,10.958469877777778,15.000000000000000,900.000000000000000,100.000000000000000,1,900.000000000000000,100.000000000000000
ex_b,L2,2025-05-14 10:45:00,20250514,104500,2025-05-14 11:45:00,11,2025-05-14,2.879109544444445,11.516438177777781,11.516438177777777,15.000000000000000,900.000000000000000,100.000000000000000,1,900.000000000000000,100.000000000000000
ex_b,L3,2025-05-14 10:45:00,20250514,104500,2025-05-14 11:45:00,11,2025-05-14,2.690928733333331,10.763714933333326,10.763714933333334,15.000000000000000,900.000000000000000,100.000000000000000,1,900.000000000000000,100.000000000000000
ex_b,ALL,2025-05-14 10:45:00,20250514,104500,2025-05-14 11:45:00,11,2025-05-14,8.309655747222219,33.238622988888878,11.079540996296297,15.000000000000000,900.000000000000000,100.000000000000000,1,900.000000000000000,100.000000000000000
ex_b,L1,2025-05-14 11:00:00,20250514,110000,2025-05-14 12:00:00,12,2025-05-14,2.743418347222223,10.973673388888892,10.973673388888891,15.000000000000000,900.000000000000000,100.000000000000000,1,900.000000000000000,100.000000000000000
ex_b,L2,2025-05-14 11:00:00,20250514,110000,2025-05-14 12:00:00,12,2025-05-14,2.857946055555554,11.431784222222218,11.431784222222220,15.000000000000000,900.000000000000000,100.000000000000000,1,900.000000000000000,100.000000000000000
ex_b,L3,2025-05-14 11:00:00,20250514,110000,2025-05-14 12:00:00,12,2025-05-14,2.698700152777777,10.794800611111109,10.794800611111114,15.000000000000000,900.000000000000000,100.000000000000000,1,900.000000000000000,100.000000000000000
ex_b,ALL,2025-05-14 11:00:00,20250514,110000,2025-05-14 12:00:00,12,2025-05-14,8.300064555555554,33.200258222222217,11.066752740740741,15.000000000000000,900.000000000000000,100.000000000000000,1,900.000000000000000,100.000000000000000
ex_b,L1,2025-05-14 11:15:00,20250514,111500,2025-05-14 12:15:00,12,2025-05-14,2.742539358333334,10.970157433333338,10.970157433333334,15.000000000000000,900.000000000000000,100.000000000000000,1,900.000000000000000,100.000000000000000
ex_b,L2,2025-05-14 11:15:00,20250514,111500,2025-05-14 12:15:00,12,2025-05-14,2.852276847222223,11.409107388888891,11.409107388888886,15.000000000000000,900.000000000000000,100.000000000000000,1,900.000000000000000,100.000000000000000
ex_b,L3,2025-05-14 11:15:00,20250514,111500,2025-05-14 12:15:00,12,2025-05-14,2.705640161111111,10.822560644444444,10.822560644444449,15.000000000000000,900.000000000000000,100.000000000000000,1,900.000000000000000,100.000000000000000
ex_b,ALL,2025-05-14 11:15:00,20250514,111500,2025-05-14 12:15:00,12,2025-05-14,8.300456366666669,33.201825466666676,11.067275155555556,15.000000000000000,900.000000000000000,100.000000000000000,1,900.000000000000000,100.000000000000000
ex_b,L1,2025-05-14 11:30:00,20250514,113000,2025-05-14 12:30:00,12,2025-05-14,2.729273666666666,10.917094666666666,10.917094666666671,15.000000000000000,900.000000000000000,100.000000000000000,1,900.000000000000000,100.000000000000000
ex_b,L2,2025-05-14 11:30:00,20250514,113000,2025-05-14 12:30:00,12,2025-05-14,2.833080211111112,11.332320844444448,11.332320844444448,15.000000000000000,900.000000000000000,100.000000000000000,1,900.000000000000000,100.000000000000000
ex_b,L3,2025-05-14 11:30:00,20250514,113000,2025-05-14 12:30:00,12,2025-05-14,2.698156416666666,10.792625666666664,10.792625666666662,15.000000000000000,900.000000000000000,100.000000000000000,1,900.000000000000000,100.000000000000000
ex_b,ALL,2025-05-14 11:30:00,20250514,113000,2025-05-14 12:30:00,12,2025-05-14,8.260510294444444,33.042041177777776,11.014013725925928,15.000000000000000,900.000000000000000,100.000000000000000,1,900.000000000000000,100.000000000000000
ex_b,L1,2025-05-14 11:45:00,20250514,114500,2025-05-14 12:45:00,12,2025-05-14,2.726786380555556,10.907145522222224,10.907145522222224,15.000000000000000,900.000000000000000,100.000000000000000,1,900.000000000000000,100.000000000000000
ex_b,L2,2025-05-14 11:45:00,20250514,114500,2025-05-14 12:45:00,12,2025-05-14,2.861248375000000,11.444993500000001,11.444993500000002,15.000000000000000,900.000000000000000,100.000000000000000,1,900.000000000000000,100.000000000000000
ex_b,L3,2025-05-14 11:45:00,20250514,114500,2025-05-14 12:45:00,12,2025-05-14,2.698542227777779,10.794168911111116,10.794168911111115,15.000000000000000,900.000000000000000,100.000000000000000,1,900.000000000000000,100.000000000000000
ex_b,ALL,2025-05-14 11:45:00,20250514,114500,2025-05-14 12:45:00,12,2025-05-14,8.286576983333335,33.146307933333340,11.048769311111114,15.000000000000000,900.000000000000000,100.000000000000000,1,900.000000000000000,100.000000000000000
ex_b,L1,2025-05-14 12:00:00,20250514,120000,2025-05-14 13:00:00,13,2025-05-14,2.754832811111112,11.019331244444446,11.019331244444443,15.000000000000000,900.000000000000000,100.000000000000000,1,900.000000000000000,100.000000000000000
ex_b,L2,2025-05-14 12:00:00,20250514,120000,2025-05-14 13:00:00,13,2025-05-14,2.910440994444443,11.641763977777773,11.641763977777781,15.000000000000000,900.000000000000000,100.000000000000000,1,900.000000000000000,100.000000000000000
ex_b,L3,2025-05-14 12:00:00,20250514,120000,2025-05-14 13:00:00,13,2025-05-14,2.745594513888889,10.982378055555557,10.982378055555555,15.000000000000000,900.000000000000000,100.000000000000000,1,900.000000000000000,100.000000000000000
ex_b,ALL,2025-05-14 12:00:00,20250514,120000,2025-05-14 13:00:00,13,2025-05-14,8.410868319444443,33.643473277777773,11.214491092592594,15.000000000000000,900.000000000000000,100.000000000000000,1,900.000000000000000,100.000000000000000
ex_b,L1,2025-05-14 12:15:00,20250514,121500,2025-05-14 13:15:00,13,2025-05-14,2.737001880555555,10.948007522222222,10.948007522222225,15.000000000000000,900.000000000000000,100.000000000000000,1,900.000000000000000,100.000000000000000
ex_b,L2,2025-05-14 12:15:00,20250514,121500,2025-05-14 13:15:00,13,2025-05-14,2.892007880555555,11.568031522222221,11.568031522222222,15.000000000000000,900.000000000000000,100.000000000000000,1,900.000000000000000,100.000000000000000
ex_b,L3,2025-05-14 12:15:00,20250514,121500,2025-05-14 13:15:00,13,2025-05-14,2.725839655555556,10.903358622222223,10.903358622222228,15.000000000000000,900.000000000000000,100.000000000000000,1,900.000000000000000,100.000000000000000
ex_b,ALL,2025-05-14 12:15:00,20250514,121500,2025-05-14 13:15:00,13,2025-05-14,8.354849416666665,33.419397666666661,11.139799222222225,15.000000000000000,900.000000000000000,100.000000000000000,1,900.000000000000000,100.000000000000000
ex_b,L1,2025-05-14 12:30:00,20250514,123000,2025-05-14 13:30:00,13,2025-05-14,2.726279558333335,10.905118233333338,10.905118233333338,15.000000000000000,900.000000000000000,100.000000000000000,1,900.000000000000000,100.000000000000000
ex_b,L2,2025-05-14 12:30:00,20250514,123000,2025-05-14 13:30:00,13,2025-05-14,2.855582411111110,11.422329644444440,11.422329644444442,15.000000000000000,900.000000000000000,100.000000000000000,1,900.000000000000000,100.000000000000000
ex_b,L3,2025-05-14 12:30:00,20250514,123000,2025-05-14 13:30:00,13,2025-05-14,2.707905344444444,10.831621377777775,10.831621377777774,15.000000000000000,900.000000000000000,100.000000000000000,1,900.000000000000000,100.000000000000000
ex_b,ALL,2025-05-14 12:30:00,20250514,123000,2025-05-14 13:30:00,13,2025-05-14,8.289767313888888,33.159069255555551,11.053023085185185,15.000000000000000,900.000000000000000,100.000000000000000,1,900.000000000000000,100.000000000000000
ex_b,L1,2025-05-14 12:45:00,20250514,124500,2025-05-14 13:45:00,13,2025-05-14,2.717185430555555,10.868741722222222,10.868741722222220,15.000000000000000,900.000000000000000,100.000000000000000,1,900.000000000000000,100.000000000000000
ex_b,L2,2025-05-14 12:45:00,20250514,124500,2025-05-14 13:45:00,13,2025-05-14,2.846781058333334,11.387124233333335,11.387124233333333,15.000000000000000,900.000000000000000,100.000000000000000,1,900.000000000000000,100.000000000000000
ex_b,L3,2025-05-14 12:45:00,20250514,124500,2025-05-14 13:45:00,13,2025-05-14,2.697657472222223,10.790629888888892,10.790629888888892,15.000000000000000,900.000000000000000,100.000000000000000,1,900.000000000000000,100.000000000000000
ex_b,ALL,2025-05-14 12:45:00,20250514,124500,2025-05-14 13:45:00,13,2025-05-14,8.261623961111113,33.046495844444451,11.015498614814815,15.000000000000000,900.000000000000000,100.000000000000000,1,900.000000000000000,100.000000000000000
ex_b,L1,2025-05-14 13:00:00,20250514,130000,2025-05-14 14:00:00,14,2025-05-14,2.729600944444444,10.918403777777776,10.918403777777783,15.000000000000000,900.000000000000000,100.000000000000000,1,900.000000000000000,100.000000000000000
ex_b,L2,2025-05-14 13:00:00,20250514,130000,2025-05-14 14:00:00,14,2025-05-14,2.862528180555555,11.450112722222219,11.450112722222219,15.000000000000000,900.000000000000000,100.000000000000000,1,900.000000000000000,100.000000000000000
ex_b,L3,2025-05-14 13:00:00,20250514,130000,2025-05-14 14:00:00,14,2025-05-14,2.690109447222222,10.760437788888888,10.760437788888884,15.000000000000000,900.000000000000000,100.000000000000000,1,900.000000000000000,100.000000000000000
ex_b,ALL,2025-05-14 13:00:00,20250514,130000,2025-05-14 14:00:00,14,2025-05-14,8.282238572222219,33.128954288888877,11.042984762962963,15.000000000000000,900.000000000000000,100.000000000000000,1,900.000000000000000,100.000000000000000
ex_b,L1,2025-05-14 13:15:00,20250514,131500,2025-05-14 14:15:00,14,2025-05-14,2.724243500000000,10.896974000000002,10.896974000000002,15.000000000000000,900.000000000000000,100.000000000000000,1,900.000000000000000,100.000000000000000
ex_b,L2,2025-05-14 13:15:00,20250514,131500,2025-05-14 14:15:00,14,2025-05-14,2.853006630555554,11.412026522222215,11.412026522222227,15.000000000000000,900.000000000000000,100.000000000000000,1,900.000000000000000,100.000000000000000
ex_b,L3,2025-05-14 13:15:00,20250514,131500,2025-05-14 14:15:00,14,2025-05-14,2.695929991666667,10.783719966666666,10.783719966666670,15.000000000000000,900.000000000000000,100.000000000000000,1,900.000000000000000,100.000000000000000
ex_b,ALL,2025-05-14 13:15:00,20250514,131500,2025-05-14 14:15:00,14,2025-05-14,8.273180122222222,33.092720488888887,11.030906829629632,15.000000000000000,900.000000000000000,100.000000000000000,1,900.000000000000000,100.000000000000000
ex_b,L1,2025-05-14 13:30:00,20250514,133000,2025-05-14 14:30:00,14,2025-05-14,2.740666183333333,10.962664733333330,10.962664733333327,15.000000000000000,900.000000000000000,100.000000000000000,1,900.000000000000000,100.000000000000000
ex_b,L2,2025-05-14 13:30:00,20250514,133000,2025-05-14 14:30:00,14,2025-05-14,2.847269677777779,11.389078711111114,11.389078711111106,15.000000000000000,900.000000000000000,100.000000000000000,1,900.000000000000000,100.000000000000000
ex_b,L3,2025-05-14 13:30:00,20250514,133000,2025-05-14 14:30:00,14,2025-05-14,2.709720683333334,10.838882733333335,10.838882733333334,15.000000000000000,900.000000000000000,100.000000000000000,1,900.000000000000000,100.000000000000000
ex_b,ALL,2025-05-14 13:30:00,20250514,133000,2025-05-14 14:30:00,14,2025-05-14,8.297656544444445,33.190626177777780,11.063542059259255,15.000000000000000,900.000000000000000,100.000000000000000,1,900.000000000000000,100.000000000000000
ex_b,L1,2025-05-14 13:45:00,20250514,134500,2025-05-14 14:45:00,14,2025-05-14,2.752705219444444,11.010820877777775,11.010820877777777,15.000000000000000,900.000000000000000,100.000000000000000,1,900.000000000000000,100.000000000000000
ex_b,L2,2025-05-14 13:45:00,20250514,134500,2025-05-14 14:45:00,14,2025-05-14,2.845286686111111,11.381146744444443,11.381146744444445,15.000000000000000,900.000000000000000,100.000000000000000,1,900.000000000000000,100.000000000000000
ex_b,L3,2025-05-14 13:45:00,20250514,134500,2025-05-14 14:45:00,14,2025-05-14,2.708321780555555,10.833287122222220,10.833287122222224,15.000000000000000,900.000000000000000,100.000000000000000,1,900.000000000000000,100.000000000000000
ex_b,ALL,2025-05-14 13:45:00,20250514,134500,2025-05-14 14:45:00,14,2025-05-14,8.306313686111110,33.225254744444442,11.075084914814816,15.000000000000000,900.000000000000000,100.000000000000000,1,900.000000000000000,100.000000000000000
ex_b,L1,2025-05-14 14:00:00,20250514,140000,2025-05-14 15:00:00,15,2025-05-14,2.734676063888889,10.938704255555555,10.938704255555551,15.000000000000000,900.000000000000000,100.000000000000000,1,900.000000000000000,100.000000000000000
ex_b,L2,2025-05-14 14:00:00,20250514,140000,2025-05-14 15:00:00,15,2025-05-14,2.843067263888890,11.372269055555561,11.372269055555558,15.000000000000000,900.000000000000000,100.000000000000000,1,900.000000000000000,100.000000000000000
ex_b,L3,2025-05-14 14:00:00,20250514,140000,2025-05-14 15:00:00,15,2025-05-14,2.687421663888888,10.749686655555553,10.749686655555553,15.000000000000000,900.000000000000000,100.000000000000000,1,900.000000000000000,100.000000000000000
ex_b,ALL,2025-05-14 14:00:00,20250514,140000,2025-05-14 15:00:00,15,2025-05-14,8.265164991666667,33.060659966666670,11.020219988888886,15.000000000000000,900.000000000000000,100.000000000000000,1,900.000000000000000,100.000000000000000
ex_b,L1,2025-05-14 14:15:00,20250514,141500,2025-05-14 15:15:00,15,2025-05-14,2.753202194444445,11.012808777777781,11.012808777777776,15.000000000000000,900.000000000000000,100.000000000000000,1,900.000000000000000,100.000000000000000
ex_b,L2,2025-05-14 14:15:00,20250514,141500,2025-05-14 15:15:00,15,2025-05-14,2.868423733333333,11.473694933333331,11.473694933333334,15.000000000000000,900.000000000000000,100.000000000000000,1,900.000000000000000,100.000000000000000
ex_b,L3,2025-05-14 14:15:00,20250514,141500,2025-05-14 15:15:00,15,2025-05-14,2.676526872222222,10.706107488888886,10.706107488888890,15.000000000000000,900.000000000000000,100.000000000000000,1,900.000000000000000,100.000000000000000
ex_b,ALL,2025-05-14 14:15:00,20250514,141500,2025-05-14 15:15:00,15,2025-05-14,8.298152800000000,33.192611200000002,11.064203733333333,15.000000000000000,900.000000000000000,100.000000000000000,1,900.000000000000000,100.000000000000000
ex_b,L1,2025-05-14 14:30:00,20250514,143000,2025-05-14 15:30:00,15,2025-05-14,2.767906883333334,11.071627533333334,11.071627533333331,15.000000000000000,900.000000000000000,100.000000000000000,1,900.000000000000000,100.000000000000000
ex_b,L2,2025-05-14 14:30:00,20250514,143000,2025-05-14 15:30:00,15,2025-05-14,2.865674127777778,11.462696511111110,11.462696511111112,15.000000000000000,900.000000000000000,100.000000000000000,1,900.000000000000000,100.000000000000000
ex_b,L3,2025-05-14 14:30:00,20250514,143000,2025-05-14 15:30:00,15,2025-05-14,2.682052427777777,10.728209711111109,10.728209711111113,15.000000000000000,900.000000000000000,100.000000000000000,1,900.000000000000000,100.000000000000000
ex_b,ALL,2025-05-14 14:30:00,20250514,143000,2025-05-14 15:30:00,15,2025-05-14,8.315633438888888,33.262533755555552,11.087511251851852,15.000000000000000,900.000000000000000,100.000000000000000,1,900.000000000000000,100.000000000000000
ex_b,L1,2025-05-14 14:45:00,20250514,144500,2025-05-14 15:45:00,15,2025-05-14,2.742149869444443,10.968599477777772,10.968599477777783,15.000000000000000,900.000000000000000,100.000000000000000,1,900.000000000000000,100.000000000000000
ex_b,L2,2025-05-14 14:45:00,20250514,144500,2025-05-14 15:45:00,15,2025-05-14,2.859490561111112,11.437962244444449,11.437962244444440,15.000000000000000,900.000000000000000,100.000000000000000,1,900.000000000000000,100.000000000000000
ex_b,L3,2025-05-14 14:45:00,20250514,144500,2025-05-14 15:45:00,15,2025-05-14,2.695705147222223,10.782820588888891,10.782820588888889,15.000000000000000,900.000000000000000,100.000000000000000,1,900.000000000000000,100.000000000000000
ex_b,ALL,2025-05-14 14:45:00,20250514,144500,2025-05-14 15:45:00,15,2025-05-14,8.297345577777778,33.189382311111110,11.063127437037037,15.000000000000000,900.000000000000000,100.000000000000000,1,900.000000000000000,100.000000000000000
ex_b,L1,2025-05-14 15:00:00,20250514,150000,2025-05-14 16:00:00,16,2025-05-14,2.728134300000001,10.912537200000003,10.912537199999996,15.000000000000000,900.000000000000000,100.000000000000000,1,900.000000000000000,100.000000000000000
ex_b,L2,2025-05-14 15:00:00,20250514,150000,2025-05-14 16:00:00,16,2025-05-14,2.865047508333334,11.460190033333335,11.460190033333337,15.000000000000000,900.000000000000000,100.000000000000000,1,900.000000000000000,100.000000000000000
ex_b,L3,2025-05-14 15:00:00,20250514,150000,2025-05-14 16:00:00,16,2025-05-14,2.688216127777777,10.752864511111110,10.752864511111113,15.000000000000000,900.000000000000000,100.000000000000000,1,900.000000000000000,100.000000000000000
ex_b,ALL,2025-05-14 15:00:00,20250514,150000,2025-05-14 16:00:00,16,2025-05-14,8.281397936111112,33.125591744444449,11.041863914814815,15.000000000000000,900.000000000000000,100.000000000000000,1,900.000000000000000,100.000000000000000
ex_b,L1,2025-05-14 15:15:00,20250514,151500,2025-05-14 16:15:00,16,2025-05-14,2.711263413888890,10.845053655555562,10.845053655555560,15.000000000000000,900.000000000000000,100.000000000000000,1,900.000000000000000,100.000000000000000
ex_b,L2,2025-05-14 15:15:00,20250514,151500,2025-05-14 16:15:00,16,2025-05-14,2.850549200000001,11.402196800000002,11.402196799999997,15.000000000000000,900.000000000000000,100.000000000000000,1,900.000000000000000,100.000000000000000
ex_b,L3,2025-05-14 15:15:00,20250514,151500,2025-05-14 16:15:00,16,2025-05-14,2.669412366666667,10.677649466666669,10.677649466666667,15.000000000000000,900.000000000000000,100.000000000000000,1,900.000000000000000,100.000000000000000
ex_b,ALL,2025-05-14 15:15:00,20250514,151500,2025-05-14 16:15:00,16,2025-05-14,8.231224980555560,32.924899922222238,10.974966640740741,15.000000000000000,900.000000000000000,100.000000000000000,1,900.000000000000000,100.000000000000000
ex_b,L1,2025-05-14 15:30:00,20250514,153000,2025-05-14 16:30:00,16,2025-05-14,2.698596524999998,10.794386099999992,10.794386100000002,15.000000000000000,900.000000000000000,100.000000000000000,1,900.000000000000000,100.000000000000000
ex_b,L2,2025-05-14 15:30:00,20250514,153000,2025-05-14 16:30:00,16,2025-05-14,2.876658091666667,11.506632366666668,11.506632366666670,15.000000000000000,900.000000000000000,100.000000000000000,1,900.000000000000000,100.000000000000000
ex_b,L3,2025-05-14 15:30:00,20250514,153000,2025-05-14 16:30:00,16,2025-05-14,2.667486869444446,10.669947477777782,10.669947477777777,15.000000000000000,900.000000000000000,100.000000000000000,1,900.000000000000000,100.000000000000000
ex_b,ALL,2025-05-14 15:30:00,20250514,153000,2025-05-14 16:30:00,16,2025-05-14,8.242741486111111,32.970965944444444,10.990321981481483,15.000000000000000,900.000000000000000,100.000000000000000,1,900.000000000000000,100.000000000000000
ex_b,L1,2025-05-14 15:45:00,20250514,154500,2025-05-14 16:45:00,16,2025-05-14,2.700345175000000,10.801380700000001,10.801380699999999,15.000000000000000,900.000000000000000,100.000000000000000,1,900.000000000000000,100.000000000000000
ex_b,L2,2025-05-14 15:45:00,20250514,154500,2025-05-14 16:45:00,16,2025-05-14,2.874249636111112,11.496998544444446,11.496998544444446,15.000000000000000,900.000000000000000,100.000000000000000,1,900.000000000000000,100.000000000000000
ex_b,L3,2025-05-14 15:45:00,20250514,154500,2025-05-14 16:45:00,16,2025-05-14,2.673013044444443,10.692052177777773,10.692052177777780,15.000000000000000,900.000000000000000,100.000000000000000,1,900.000000000000000,100.000000000000000
ex_b,ALL,2025-05-14 15:45:00,20250514,154500,2025-05-14 16:45:00,16,2025-05-14,8.247607855555556,32.990431422222223,10.996810474074076,15.000000000000000,900.000000000000000,100.000000000000000,1,900.000000000000000,100.000000000000000
ex_b,L1,2025-05-14 16:00:00,20250514,160000,2025-05-14 17:00:00,17,2025-05-14,2.699395894444444,10.797583577777775,10.797583577777774,15.000000000000000,900.000000000000000,100.000000000000000,1,900.000000000000000,100.000000000000000
ex_b,L2,2025-05-14 16:00:00,20250514,160000,2025-05-14 17:00:00,17,2025-05-14,2.884809761111111,11.539239044444443,11.539239044444441,15.000000000000000,900.000000000000000,100.000000000000000,1,900.000000000000000,100.000000000000000
ex_b,L3,2025-05-14 16:00:00,20250514,160000,2025-05-14 17:00:00,17,2025-05-14,2.675259966666667,10.701039866666667,10.701039866666665,15.000000000000000,900.000000000000000,100.000000000000000,1,900.000000000000000,100.000000000000000
ex_b,ALL,2025-05-14 16:00:00,20250514,160000,2025-05-14 17:00:00,17,2025-05-14,8.259465622222221,33.037862488888884,11.012620829629627,15.000000000000000,900.000000000000000,100.000000000000000,1,900.000000000000000,100.000000000000000
ex_b,L1,2025-05-14 16:15:00,20250514,161500,2025-05-14 17:15:00,17,2025-05-14,2.703523358333332,10.814093433333330,10.814093433333333,15.000000000000000,900.000000000000000,100.000000000000000,1,900.000000000000000,100.000000000000000
ex_b,L2,2025-05-14 16:15:00,20250514,161500,2025-05-14 17:15:00,17,2025-05-14,2.872097919444444,11.488391677777775,11.488391677777777,15.000000000000000,900.000000000000000,100.000000000000000,1,900.000000000000000,100.000000000000000
ex_b,L3,2025-05-14 16:15:00,20250514,161500,2025-05-14 17:15:00,17,2025-05-14,2.664502444444445,10.658009777777778,10.658009777777782,15.000000000000000,900.000000000000000,100.000000000000000,1,900.000000000000000,100.000000000000000
ex_b,ALL,2025-05-14 16:15:00,20250514,161500,2025-05-14 17:15:00,17,2025-05-14,8.240123722222222,32.960494888888888,10.986831629629631,15.000000000000000,900.000000000000000,100.000000000000000,1,900.000000000000000,100.000000000000000
ex_b,L1,2025-05-14 16:30:00,20250514,163000,2025-05-14 17:30:00,17,2025-05-14,2.700234505555556,10.800938022222224,10.800938022222223,15.000000000000000,900.000000000000000,100.000000000000000,1,900.000000000000000,100.000000000000000
ex_b,L2,2025-05-14 16:30:00,20250514,163000,2025-05-14 17:30:00,17,2025-05-14,2.902007350000001,11.608029400000005,11.608029399999999,15.000000000000000,900.000000000000000,100.000000000000000,1,900.000000000000000,100.000000000000000
ex_b,L3,2025-05-14 16:30:00,20250514,163000,2025-05-14 17:30:00,17,2025-05-14,2.691834161111110,10.767336644444439,10.767336644444445,15.000000000000000,900.000000000000000,100.000000000000000,1,900.000000000000000,100.000000000000000
ex_b,ALL,2025-05-14 16:30:00,20250514,163000,2025-05-14 17:30:00,17,2025-05-14,8.294076016666667,33.176304066666667,11.058768022222223,15.000000000000000,900.000000000000000,100.000000000000000,1,900.000000000000000,100.000000000000000
ex_b,L1,2025-05-14 16:45:00,20250514,164500,2025-05-14 17:45:00,17,2025-05-14,2.706608775000000,10.826435100000001,10.826435100000003,15.000000000000000,900.000000000000000,100.000000000000000,1,900.000000000000000,100.000000000000000
ex_b,L2,2025-05-14 16:45:00,20250514,164500,2025-05-14 17:45:00,17,2025-05-14,2.934351294444445,11.737405177777781,11.737405177777774,15.000000000000000,900.000000000000000,100.000000000000000,1,900.000000000000000,100.000000000000000
ex_b,L3,2025-05-14 16:45:00,20250514,164500,2025-05-14 17:45:00,17,2025-05-14,2.703279444444445,10.813117777777778,10.813117777777780,15.000000000000000,900.000000000000000,100.000000000000000,1,900.000000000000000,100.000000000000000
ex_b,ALL,2025-05-14 16:45:00,20250514,164500,2025-05-14 17:45:00,17,2025-05-14,8.344239513888891,33.376958055555562,11.125652685185186,15.000000000000000,900.000000000000000,100.000000000000000,1,900.000000000000000,100.000000000000000
ex_b,L1,2025-05-14 17:00:00,20250514,170000,2025-05-14 18:00:00,18,2025-05-14,2.687084505555556,10.748338022222223,10.748338022222221,15.000000000000000,900.000000000000000,100.000000000000000,1,900.000000000000000,100.000000000000000
ex_b,L2,2025-05-14 17:00:00,20250514,170000,2025-05-14 18:00:00,18,2025-05-14,2.977755266666666,11.911021066666665,11.911021066666668,15.000000000000000,900.000000000000000,100.000000000000000,1,900.000000000000000,100.000000000000000
ex_b,L3,2025-05-14 17:00:00,20250514,170000,2025-05-14 18:00:00,18,2025-05-14,2.711815058333335,10.847260233333339,10.847260233333333,15.000000000000000,900.000000000000000,100.000000000000000,1,900.000000000000000,100.000000000000000
ex_b,ALL,2025-05-14 17:00:00,20250514,170000,2025-05-14 18:00:00,18,2025-05-14,8.376654830555557,33.506619322222228,11.168873107407409,15.000000000000000,900.000000000000000,100.000000000000000,1,900.000000000000000,100.000000000000000
ex_b,L1,2025-05-14 17:15:00,20250514,171500,2025-05-14 18:15:00,18,2025-05-14,2.688085188888889,10.752340755555554,10.752340755555556,15.000000000000000,900.000000000000000,100.000000000000000,1,900.000000000000000,100.000000000000000
ex_b,L2,2025-05-14 17:15:00,20250514,171500,2025-05-14 18:15:00,18,2025-05-14,2.999153113888890,11.996612455555558,11.996612455555558,15.000000000000000,900.000000000000000,100.000000000000000,1,900.000000000000000,100.000000000000000
ex_b,L3,2025-05-14 17:15:00,20250514,171500,2025-05-14 18:15:00,18,2025-05-14,2.730332002777778,10.921328011111111,10.921328011111115,15.000000000000000,900.000000000000000,100.000000000000000,1,900.000000000000000,100.000000000000000
ex_b,ALL,2025-05-14 17:15:00,20250514,171500,2025-05-14 18:15:00,18,2025-05-14,8.417570305555557,33.670281222222229,11.223427074074078,15.000000000000000,900.000000000000000,100.000000000000000,1,900.000000000000000,100.000000000000000
ex_b,L1,2025-05-14 17:30:00,20250514,173000,2025-05-14 18:30:00,18,2025-05-14,2.678350105555555,10.713400422222218,10.713400422222223,15.000000000000000,900.000000000000000,100.000000000000000,1,900.000000000000000,100.000000000000000
ex_b,L2,2025-05-14 17:30:00,20250514,173000,2025-05-14 18:30:00,18,2025-05-14,2.994656500000001,11.978626000000004,11.978625999999998,15.000000000000000,900.000000000000000,100.000000000000000,1,900.000000000000000,100.000000000000000
ex_b,L3,2025-05-14 17:30:00,20250514,173000,2025-05-14 18:30:00,18,2025-05-14,2.705273677777776,10.821094711111105,10.821094711111114,15.000000000000000,900.000000000000000,100.000000000000000,1,900.000000000000000,100.000000000000000
ex_b,ALL,2025-05-14 17:30:00,20250514,173000,2025-05-14 18:30:00,18,2025-05-14,8.378280283333332,33.513121133333328,11.171040377777778,15.000000000000000,900.000000000000000,100.000000000000000,1,900.000000000000000,100.000000000000000
ex_b,L1,2025-05-14 17:45:00,20250514,174500,2025-05-14 18:45:00,18,2025-05-14,2.676937786111111,10.707751144444446,10.707751144444446,15.000000000000000,900.000000000000000,100.000000000000000,1,900.000000000000000,100.000000000000000
ex_b,L2,2025-05-14 17:45:00,20250514,174500,2025-05-14 18:45:00,18,2025-05-14,2.993076802777777,11.972307211111108,11.972307211111119,15.000000000000000,900.000000000000000,100.000000000000000,1,900.000000000000000,100.000000000000000
ex_b,L3,2025-05-14 17:45:00,20250514,174500,2025-05-14 18:45:00,18,2025-05-14,2.711724050000000,10.846896200000002,10.846896200000000,15.000000000000000,900.000000000000000,100.000000000000000,1,900.000000000000000,100.000000000000000
ex_b,ALL,2025-05-14 17:45:00,20250514,174500,2025-05-14 18:45:00,18,2025-05-14,8.381738638888889,33.526954555555555,11.175651518518523,15.000000000000000,900.000000000000000,100.000000000000000,1,900.000000000000000,100.000000000000000
ex_b,L1,2025-05-14 18:00:00,20250514,180000,2025-05-14 19:00:00,19,2025-05-14,2.668680213888889,10.674720855555558,10.674720855555559,15.000000000000000,900.000000000000000,100.000000000000000,1,900.000000000000000,100.000000000000000
ex_b,L2,2025-05-14 18:00:00,20250514,180000,2025-05-14 19:00:00,19,2025-05-14,2.982239002777778,11.928956011111111,11.928956011111108,15.000000000000000,900.000000000000000,100.000000000000000,1,900.000000000000000,100.000000000000000
ex_b,L3,2025-05-14 18:00:00,20250514,180000,2025-05-14 19:00:00,19,2025-05-14,2.718488288888888,10.873953155555553,10.873953155555556,15.000000000000000,900.000000000000000,100.000000000000000,1,900.000000000000000,100.000000000000000
ex_b,ALL,2025-05-14 18:00:00,20250514,180000,2025-05-14 19:00:00,19,2025-05-14,8.369407505555555,33.477630022222222,11.159210007407408,15.000000000000000,900.000000000000000,100.000000000000000,1,900.000000000000000,100.000000000000000
ex_b,L1,2025-05-14 18:15:00,20250514,181500,2025-05-14 19:15:00,19,2025-05-14,2.671571661111111,10.686286644444444,10.686286644444447,15.000000000000000,900.000000000000000,100.000000000000000,1,900.000000000000000,100.000000000000000
ex_b,L2,2025-05-14 18:15:00,20250514,181500,2025-05-14 19:15:00,19,2025-05-14,2.987338358333334,11.949353433333336,11.949353433333334,15.000000000000000,900.000000000000000,100.000000000000000,1,900.000000000000000,100.000000000000000
ex_b,L3,2025-05-14 18:15:00,20250514,181500,2025-05-14 19:15:00,19,2025-05-14,2.722129983333334,10.888519933333335,10.888519933333336,15.000000000000000,900.000000000000000,100.000000000000000,1,900.000000000000000,100.000000000000000
ex_b,ALL,2025-05-14 18:15:00,20250514,181500,2025-05-14 19:15:00,19,2025-05-14,8.381040002777778,33.524160011111114,11.174720003703706,15.000000000000000,900.000000000000000,100.000000000000000,1,900.000000000000000,100.000000000000000
ex_b,L1,2025-05-14 18:30:00,20250514,183000,2025-05-14 19:30:00,19,2025-05-14,2.667155758333332,10.668623033333329,10.668623033333338,15.000000000000000,900.000000000000000,100.000000000000000,1,900.000000000000000,100.000000000000000
ex_b,L2,2025-05-14 18:30:00,20250514,183000,2025-05-14 19:30:00,19,2025-05-14,2.984226219444444,11.936904877777776,11.936904877777778,15.000000000000000,900.000000000000000,100.000000000000000,1,900.000000000000000,100.000000000000000
ex_b,L3,2025-05-14 18:30:00,20250514,183000,2025-05-14 19:30:00,19,2025-05-14,2.715709052777778,10.862836211111111,10.862836211111111,15.000000000000000,900.000000000000000,100.000000000000000,1,900.000000000000000,100.000000000000000
ex_b,ALL,2025-05-14 18:30:00,20250514,183000,2025-05-14 19:30:00,19,2025-05-14,8.367091030555553,33.468364122222212,11.156121374074075,15.000000000000000,900.000000000000000,100.000000000000000,1,900.000000000000000,100.000000000000000
ex_b,L1,2025-05-14 18:45:00,20250514,184500,2025-05-14 19:45:00,19,2025-05-14,2.670317369444444,10.681269477777777,10.681269477777773,15.000000000000000,900.000000000000000,100.000000000000000,1,900.000000000000000,100.000000000000000
ex_b,L2,2025-05-14 18:45:00,20250514,184500,2025-05-14 19:45:00,19,2025-05-14,2.994611433333332,11.978445733333327,11.978445733333334,15.000000000000000,900.000000000000000,100.000000000000000,1,900.000000000000000,100.000000000000000
ex_b,L3,2025-05-14 18:45:00,20250514,184500,2025-05-14 19:45:00,19,2025-05-14,2.730188177777777,10.920752711111110,10.920752711111115,15.000000000000000,900.000000000000000,100.000000000000000,1,900.000000000000000,100.000000000000000
ex_b,ALL,2025-05-14 18:45:00,20250514,184500,2025-05-14 19:45:00,19,2025-05-14,8.395116980555553,33.580467922222212,11.193489307407406,15.000000000000000,900.000000000000000,100.000000000000000,1,900.000000000000000,100.000000000000000
ex_b,L1,2025-05-14 19:00:00,20250514,190000,2025-05-14 20:00:00,20,2025-05-14,2.678029986111111,10.712119944444444,10.712119944444446,15.000000000000000,900.000000000000000,100.000000000000000,1,900.000000000000000,100.000000000000000
ex_b,L2,2025-05-14 19:00:00,20250514,190000,2025-05-14 20:00:00,20,2025-05-14,3.003309474999999,12.013237899999996,12.013237900000000,15.000000000000000,900.000000000000000,100.000000000000000,1,900.000000000000000,100.000000000000000
ex_b,L3,2025-05-14 19:00:00,20250514,190000,2025-05-14 20:00:00,20,2025-05-14,2.736624555555557,10.946498222222228,10.946498222222221,15.000000000000000,900.000000000000000,100.000000000000000,1,900.000000000000000,100.000000000000000
ex_b,ALL,2025-05-14 19:00:00,20250514,190000,2025-05-14 20:00:00,20,2025-05-14,8.417964016666666,33.671856066666663,11.223952022222223,15.000000000000000,900.000000000000000,100.000000000000000,1,900.000000000000000,100.000000000000000
ex_b,L1,2025-05-14 19:15:00,20250514,191500,2025-05-14 20:15:00,20,2025-05-14,2.678196841666667,10.712787366666667,10.712787366666666,15.000000000000000,900.000000000000000,100.000000000000000,1,900.000000000000000,100.000000000000000
ex_b,L2,2025-05-14 19:15:00,20250514,191500,2025-05-14 20:15:00,20,2025-05-14,3.006053036111112,12.024212144444446,12.024212144444446,15.000000000000000,900.000000000000000,100.000000000000000,1,900.000000000000000,100.000000000000000
ex_b,L3,2025-05-14 19:15:00,20250514,191500,2025-05-14 20:15:00,20,2025-05-14,2.729713336111111,10.918853344444445,10.918853344444443,15.000000000000000,900.000000000000000,100.000000000000000,1,900.000000000000000,100.000000000000000
ex_b,ALL,2025-05-14 19:15:00,20250514,191500,2025-05-14 20:15:00,20,2025-05-14,8.413963213888890,33.655852855555558,11.218617618518516,15.000000000000000,900.000000000000000,100.000000000000000,1,900.000000000000000,100.000000000000000
ex_b,L1,2025-05-14 19:30:00,20250514,193000,2025-05-14 20:30:00,20,2025-05-14,2.646304005555556,10.585216022222223,10.585216022222227,15.000000000000000,900.000000000000000,100.000000000000000,1,900.000000000000000,100.000000000000000
ex_b,L2,2025-05-14 19:30:00,20250514,193000,2025-05-14 20:30:00,20,2025-05-14,2.980681322222224,11.922725288888897,11.922725288888893,15.000000000000000,900.000000000000000,100.000000000000000,1,900.000000000000000,100.000000000000000
ex_b,L3,2025-05-14 19:30:00,20250514,193000,2025-05-14 20:30:00,20,2025-05-14,2.694509288888888,10.778037155555550,10.778037155555555,15.000000000000000,900.000000000000000,100.000000000000000,1,900.000000000000000,100.000000000000000
ex_b,ALL,2025-05-14 19:30:00,20250514,193000,2025-05-14 20:30:00,20,2025-05-14,8.321494616666667,33.285978466666670,11.095326155555558,15.000000000000000,900.000000000000000,100.000000000000000,1,900.000000000000000,100.000000000000000
ex_b,L1,2025-05-14 19:45:00,20250514,194500,2025-05-14 20:45:00,20,2025-05-14,2.649542616666667,10.598170466666669,10.598170466666668,15.000000000000000,900.000000000000000,100.000000000000000,1,900.000000000000000,100.000000000000000
ex_b,L2,2025-05-14 19:45:00,20250514,194500,2025-05-14 20:45:00,20,2025-05-14,2.977940130555557,11.911760522222227,11.911760522222226,15.000000000000000,900.000000000000000,100.000000000000000,1,900.000000000000000,100.000000000000000
ex_b,L3,2025-05-14 19:45:00,20250514,194500,2025-05-14 20:45:00,20,2025-05-14,2.687738047222222,10.750952188888887,10.750952188888892,15.000000000000000,900.000000000000000,100.000000000000000,1,900.000000000000000,100.000000000000000
ex_b,ALL,2025-05-14 19:45:00,20250514,194500,2025-05-14 20:45:00,20,2025-05-14,8.315220794444446,33.260883177777785,11.086961059259263,15.000000000000000,900.000000000000000,100.000000000000000,1,900.000000000000000,100.000000000000000
ex_b,L1,2025-05-14 20:00:00,20250514,200000,2025-05-14 21:00:00,21,2025-05-14,2.631477047222223,10.525908188888893,10.525908188888890,15.000000000000000,900.000000000000000,100.000000000000000,1,900.000000000000000,100.000000000000000
ex_b,L2,2025-05-14 20:00:00,20250514,200000,2025-05-14 21:00:00,21,2025-05-14,2.946257655555555,11.785030622222221,11.785030622222225,15.000000000000000,900.000000000000000,100.000000000000000,1,900.000000000000000,100.000000000000000
ex_b,L3,2025-05-14 20:00:00,20250514,200000,2025-05-14 21:00:00,21,2025-05-14,2.670131819444445,10.680527277777779,10.680527277777783,15.000000000000000,900.000000000000000,100.000000000000000,1,900.000000000000000,100.000000000000000
ex_b,ALL,2025-05-14 20:00:00,20250514,200000,2025-05-14 21:00:00,21,2025-05-14,8.247866522222223,32.991466088888892,10.997155362962966,15.000000000000000,900.000000000000000,100.000000000000000,1,900.000000000000000,100.000000000000000
ex_b,L1,2025-05-14 20:15:00,20250514,201500,2025-05-14 21:15:00,21,2025-05-14,2.645889483333333,10.583557933333333,10.583557933333328,15.000000000000000,900.000000000000000,100.000000000000000,1,900.000000000000000,100.000000000000000
ex_b,L2,2025-05-14 20:15:00,20250514,201500,2025-05-14 21:15:00,21,2025-05-14,2.946300072222222,11.785200288888888,11.785200288888882,15.000000000000000,900.000000000000000,100.000000000000000,1,900.000000000000000,100.000000000000000
ex_b,L3,2025-05-14 20:15:00,20250514,201500,2025-05-14 21:15:00,21,2025-05-14,2.670272061111111,10.681088244444444,10.681088244444444,15.000000000000000,900.000000000000000,100.000000000000000,1,900.000000000000000,100.000000000000000
ex_b,ALL,2025-05-14 20:15:00,20250514,201500,2025-05-14 21:15:00,21,2025-05-14,8.262461616666666,33.049846466666665,11.016615488888885,15.000000000000000,900.000000000000000,100.000000000000000,1,900.000000000000000,100.000000000000000
ex_b,L1,2025-05-14 20:30:00,20250514,203000,2025-05-14 21:30:00,21,2025-05-14,2.648654252777777,10.594617011111108,10.594617011111112,15.000000000000000,900.000000000000000,100.000000000000000,1,900.000000000000000,100.000000000000000
ex_b,L2,2025-05-14 20:30:00,20250514,203000,2025-05-14 21:30:00,21,2025-05-14,2.936531583333332,11.746126333333329,11.746126333333331,15.000000000000000,900.000000000000000,100.000000000000000,1,900.000000000000000,100.000000000000000
ex_b,L3,2025-05-14 20:30:00,20250514,203000,2025-05-14 21:30:00,21,2025-05-14,2.664289913888890,10.657159655555558,10.657159655555560,15.000000000000000,900.000000000000000,100.000000000000000,1,900.000000000000000,100.000000000000000
ex_b,ALL,2025-05-14 20:30:00,20250514,203000,2025-05-14 21:30:00,21,2025-05-14,8.249475749999998,32.997902999999994,10.999301000000001,15.000000000000000,900.000000000000000,100.000000000000000,1,900.000000000000000,100.000000000000000
ex_b,L1,2025-05-14 20:45:00,20250514,204500,2025-05-14 21:45:00,21,2025-05-14,2.661602161111111,10.646408644444445,10.646408644444451,15.000000000000000,900.000000000000000,100.000000000000000,1,900.000000000000000,100.000000000000000
ex_b,L2,2025-05-14 20:45:00,20250514,204500,2025-05-14 21:45:00,21,2025-05-14,2.966501600000000,11.866006400000002,11.866006400000000,15.000000000000000,900.000000000000000,100.000000000000000,1,900.000000000000000,100.000000000000000
ex_b,L3,2025-05-14 20:45:00,20250514,204500,2025-05-14 21:45:00,21,2025-05-14,2.670482066666666,10.681928266666665,10.681928266666665,15.000000000000000,900.000000000000000,100.000000000000000,1,900.000000000000000,100.000000000000000
ex_b,ALL,2025-05-14 20:45:00,20250514,204500,2025-05-14 21:45:00,21,2025-05-14,8.298585827777778,33.194343311111112,11.064781103703705,15.000000000000000,900.000000000000000,100.000000000000000,1,900.000000000000000,100.000000000000000
ex_b,L1,2025-05-14 21:00:00,20250514,210000,2025-05-14 22:00:00,22,2025-05-14,2.669865402777776,10.679461611111105,10.679461611111114,15.000000000000000,900.000000000000000,100.000000000000000,1,900.000000000000000,100.000000000000000
ex_b,L2,2025-05-14 21:00:00,20250514,210000,2025-05-14 22:00:00,22,2025-05-14,2.983397599999999,11.933590399999996,11.933590399999998,15.000000000000000,900.000000000000000,100.000000000000000,1,900.000000000000000,100.000000000000000
ex_b,L3,2025-05-14 21:00:00,20250514,210000,2025-05-14 22:00:00,22,2025-05-14,2.668995327777778,10.675981311111114,10.675981311111112,15.000000000000000,900.000000000000000,100.000000000000000,1,900.000000000000000,100.000000000000000
ex_b,ALL,2025-05-14 21:00:00,20250514,210000,2025-05-14 22:00:00,22,2025-05-14,8.322258330555552,33.289033322222210,11.096344440740742,15.000000000000000,900.000000000000000,100.000000000000000,1,900.000000000000000,100.000000000000000
ex_b,L1,2025-05-14 21:15:00,20250514,211500,2025-05-14 22:15:00,22,2025-05-14,2.673452011111112,10.693808044444447,10.693808044444443,15.000000000000000,900.000000000000000,100.000000000000000,1,900.000000000000000,100.000000000000000
ex_b,L2,2025-05-14 21:15:00,20250514,211500,2025-05-14 22:15:00,22,2025-05-14,2.977187430555554,11.908749722222217,11.908749722222218,15.000000000000000,900.000000000000000,100.000000000000000,1,900.000000000000000,100.000000000000000
ex_b,L3,2025-05-14 21:15:00,20250514,211500,2025-05-14 22:15:00,22,2025-05-14,2.692715091666666,10.770860366666666,10.770860366666668,15.000000000000000,900.000000000000000,100.000000000000000,1,900.000000000000000,100.000000000000000
ex_b,ALL,2025-05-14 21:15:00,20250514,211500,2025-05-14 22:15:00,22,2025-05-14,8.343354533333333,33.373418133333331,11.124472711111109,15.000000000000000,900.000000000000000,100.000000000000000,1,900.000000000000000,100.000000000000000
ex_b,L1,2025-05-14 21:30:00,20250514,213000,2025-05-14 22:30:00,22,2025-05-14,2.681993958333334,10.727975833333335,10.727975833333339,15.000000000000000,900.000000000000000,100.000000000000000,1,900.000000000000000,100.000000000000000
ex_b,L2,2025-05-14 21:30:00,20250514,213000,2025-05-14 22:30:00,22,2025-05-14,2.984939636111112,11.939758544444446,11.939758544444445,15.000000000000000,900.000000000000000,100.000000000000000,1,900.000000000000000,100.000000000000000
ex_b,L3,2025-05-14 21:30:00,20250514,213000,2025-05-14 22:30:00,22,2025-05-14,2.706619758333332,10.826479033333330,10.826479033333332,15.000000000000000,900.000000000000000,100.000000000000000,1,900.000000000000000,100.000000000000000
ex_b,ALL,2025-05-14 21:30:00,20250514,213000,2025-05-14 22:30:00,22,2025-05-14,8.373553352777778,33.494213411111112,11.164737803703705,15.000000000000000,900.000000000000000,100.000000000000000,1,900.000000000000000,100.000000000000000
ex_b,L1,2025-05-14 21:45:00,20250514,214500,2025-05-14 22:45:00,22,2025-05-14,2.703588466666667,10.814353866666668,10.814353866666666,15.000000000000000,900.000000000000000,100.000000000000000,1,900.000000000000000,100.000000000000000
ex_b,L2,2025-05-14 21:45:00,20250514,214500,2025-05-14 22:45:00,22,2025-05-14,2.977852130555556,11.911408522222224,11.911408522222223,15.000000000000000,900.000000000000000,100.000000000000000,1,900.000000000000000,100.000000000000000
ex_b,L3,2025-05-14 21:45:00,20250514,214500,2025-05-14 22:45:00,22,2025-05-14,2.693155047222222,10.772620188888888,10.772620188888887,15.000000000000000,900.000000000000000,100.000000000000000,1,900.000000000000000,100.000000000000000
ex_b,ALL,2025-05-14 21:45:00,20250514,214500,2025-05-14 22:45:00,22,2025-05-14,8.374595644444446,33.498382577777782,11.166127525925926,15.000000000000000,900.000000000000000,100.000000000000000,1,900.000000000000000,100.000000000000000
ex_b,L1,2025-05-14 22:00:00,20250514,220000,2025-05-14 23:00:00,23,2025-05-14,2.717983666666668,10.871934666666672,10.871934666666666,15.000000000000000,900.000000000000000,100.000000000000000,1,900.000000000000000,100.000000000000000
ex_b,L2,2025-05-14 22:00:00,20250514,220000,2025-05-14 23:00:00,23,2025-05-14,2.988298938888888,11.953195755555551,11.953195755555557,15.000000000000000,900.000000000000000,100.000000000000000,1,900.000000000000000,100.000000000000000
ex_b,L3,2025-05-14 22:00:00,20250514,220000,2025-05-14 23:00:00,23,2025-05-14,2.709212886111112,10.836851544444446,10.836851544444443,15.000000000000000,900.000000000000000,100.000000000000000,1,900.000000000000000,100.000000000000000
ex_b,ALL,2025-05-14 22:00:00,20250514,220000,2025-05-14 23:00:00,23,2025-05-14,8.415495491666668,33.661981966666673,11.220660655555557,15.000000000000000,900.000000000000000,100.000000000000000,1,900.000000000000000,100.000000000000000
ex_b,L1,2025-05-14 22:15:00,20250514,221500,2025-05-14 23:15:00,23,2025-05-14,2.709107930555556,10.836431722222224,10.836431722222223,15.000000000000000,900.000000000000000,100.000000000000000,1,900.000000000000000,100.000000000000000
ex_b,L2,2025-05-14 22:15:00,20250514,221500,2025-05-14 23:15:00,23,2025-05-14,2.981680886111112,11.926723544444449,11.926723544444449,15.000000000000000,900.000000000000000,100.000000000000000,1,900.000000000000000,100.000000000000000
ex_b,L3,2025-05-14 22:15:00,20250514,221500,2025-05-14 23:15:00,23,2025-05-14,2.701526688888888,10.806106755555554,10.806106755555554,15.000000000000000,900.000000000000000,100.000000000000000,1,900.000000000000000,100.000000000000000
ex_b,ALL,2025-05-14 22:15:00,20250514,221500,2025-05-14 23:15:00,23,2025-05-14,8.392315505555556,33.569262022222226,11.189754007407410,15.000000000000000,900.000000000000000,100.000000000000000,1,900.000000000000000,100.000000000000000
ex_b,L1,2025-05-14 22:30:00,20250514,223000,2025-05-14 23:30:00,23,2025-05-14,2.728476700000000,10.913906800000001,10.913906799999998,15.000000000000000,900.000000000000000,100.000000000000000,1,900.000000000000000,100.000000000000000
ex_b,L2,2025-05-14 22:30:00,20250514,223000,2025-05-14 23:30:00,23,2025-05-14,2.981546052777777,11.926184211111108,11.926184211111121,15.000000000000000,900.000000000000000,100.000000000000000,1,900.000000000000000,100.000000000000000
ex_b,L3,2025-05-14 22:30:00,20250514,223000,2025-05-14 23:30:00,23,2025-05-14,2.703910863888888,10.815643455555554,10.815643455555550,15.000000000000000,900.000000000000000,100.000000000000000,1,900.000000000000000,100.000000000000000
ex_b,ALL,2025-05-14 22:30:00,20250514,223000,2025-05-14 23:30:00,23,2025-05-14,8.413933616666666,33.655734466666665,11.218578155555555,15.000000000000000,900.000000000000000,100.000000000000000,1,900.000000000000000,100.000000000000000
ex_b,L1,2025-05-14 22:45:00,20250514,224500,2025-05-14 23:45:00,23,2025-05-14,2.722044108333333,10.888176433333333,10.888176433333333,15.000000000000000,900.000000000000000,100.000000000000000,1,900.000000000000000,100.000000000000000
ex_b,L2,2025-05-14 22:45:00,20250514,224500,2025-05-14 23:45:00,23,2025-05-14,2.964645897222222,11.858583588888887,11.858583588888887,15.000000000000000,900.000000000000000,100.000000000000000,1,900.000000000000000,100.000000000000000
ex_b,L3,2025-05-14 22:45:00,20250514,224500,2025-05-14 23:45:00,23,2025-05-14,2.705451183333333,10.821804733333330,10.821804733333330,15.000000000000000,900.000000000000000,100.000000000000000,1,900.000000000000000,100.000000000000000
ex_b,ALL,2025-05-14 22:45:00,20250514,224500,2025-05-14 23:45:00,23,2025-05-14,8.392141188888887,33.568564755555549,11.189521585185181,15.000000000000000,900.000000000000000,100.000000000000000,1,900.000000000000000,100.000000000000000
ex_b,L1,2025-05-14 23:00:00,20250514,230000,2025-05-15 00:00:00,0,2025-05-15,2.732480122222221,10.929920488888884,10.929920488888886,15.000000000000000,900.000000000000000,100.000000000000000,1,900.000000000000000,100.000000000000000
ex_b,L2,2025-05-14 23:00:00,20250514,230000,2025-05-15 00:00:00,0,2025-05-15,2.991159111111112,11.964636444444448,11.964636444444439,15.000000000000000,900.000000000000000,100.000000000000000,1,900.000000000000000,100.000000000000000
ex_b,L3,2025-05-14 23:00:00,20250514,230000,2025-05-15 00:00:00,0,2025-05-15,2.718965702777778,10.875862811111112,10.875862811111110,15.000000000000000,900.000000000000000,100.000000000000000,1,900.000000000000000,100.000000000000000
ex_b,ALL,2025-05-14 23:00:00,20250514,230000,2025-05-15 00:00:00,0,2025-05-15,8.442604936111112,33.770419744444446,11.256806581481479,15.000000000000000,900.000000000000000,100.000000000000000,1,900.000000000000000,100.000000000000000
ex_b,L1,2025-05-14 23:15:00,20250514,231500,2025-05-15 00:15:00,0,2025-05-15,2.740316155555555,10.961264622222220,10.961264622222220,15.000000000000000,900.000000000000000,100.000000000000000,1,900.000000000000000,100.000000000000000
ex_b,L2,2025-05-14 23:15:00,20250514,231500,2025-05-15 00:15:00,0,2025-05-15,3.007761944444443,12.031047777777774,12.031047777777781,15.000000000000000,900.000000000000000,100.000000000000000,1,900.000000000000000,100.000000000000000
ex_b,L3,2025-05-14 23:15:00,20250514,231500,2025-05-15 00:15:00,0,2025-05-15,2.717662652777777,10.870650611111110,10.870650611111110,15.000000000000000,900.000000000000000,100.000000000000000,1,900.000000000000000,100.000000000000000
ex_b,ALL,2025-05-14 23:15:00,20250514,231500,2025-05-15 00:15:00,0,2025-05-15,8.465740752777776,33.862963011111106,11.287654337037038,15.000000000000000,900.000000000000000,100.000000000000000,1,900.000000000000000,100.000000000000000
ex_b,L1,2025-05-14 23:30:00,20250514,233000,2025-05-15 00:30:00,0,2025-05-15,2.746799933333333,10.987199733333330,10.987199733333332,15.000000000000000,900.000000000000000,100.000000000000000,1,900.000000000000000,100.000000000000000
ex_b,L2,2025-05-14 23:30:00,20250514,233000,2025-05-15 00:30:00,0,2025-05-15,2.994574194444444,11.978296777777775,11.978296777777778,15.000000000000000,900.000000000000000,100.000000000000000,1,900.000000000000000,100.000000000000000
ex_b,L3,2025-05-14 23:30:00,20250514,233000,2025-05-15 00:30:00,0,2025-05-15,2.710357497222221,10.841429988888885,10.841429988888892,15.000000000000000,900.000000000000000,100.000000000000000,1,900.000000000000000,100.000000000000000
ex_b,ALL,2025-05-14 23:30:00,20250514,233000,2025-05-15 00:30:00,0,2025-05-15,8.451731624999997,33.806926499999989,11.268975499999998,15.000000000000000,900.000000000000000,100.000000000000000,1,900.000000000000000,100.000000000000000
ex_b,L1,2025-05-14 23:45:00,20250514,234500,2025-05-15 00:45:00,0,2025-05-15,2.746532708333333,10.986130833333332,10.986130833333336,15.000000000000000,900.000000000000000,100.000000000000000,1,900.000000000000000,100.000000000000000
ex_b,L2,2025-05-14 23:45:00,20250514,234500,2025-05-15 00:45:00,0,2025-05-15,2.981561150000001,11.926244600000002,11.926244599999999,15.000000000000000,900.000000000000000,100.000000000000000,1,900.000000000000000,100.000000000000000
ex_b,L3,2025-05-14 23:45:00,20250514,234500,2025-05-15 00:45:00,0,2025-05-15,2.712504538888888,10.850018155555553,10.850018155555556,15.000000000000000,900.000000000000000,100.000000000000000,1,900.000000000000000,100.000000000000000
ex_b,ALL,2025-05-14 23:45:00,20250514,234500,2025-05-15 00:45:00,0,2025-05-15,8.440598397222223,33.762393588888891,11.254131196296296,15.000000000000000,900.000000000000000,100.000000000000000,1,900.000000000000000,100.000000000000000
