AssetId,Phase,window_start_utc,DateKeyUtc,TimeKeyUtc,WindowStartLocal,HourLocal,DateLocal,Energy_kWh_15m,Demand_kW,AvgPower_kW_15m,Minutes,SecondsObserved,DataCoveragePct,IsReliableWindow,SecondsReliable,ReliableCoveragePct
sb_c,L1,2025-08-24 00:00:00,20250824,0,2025-08-24 01:00:00,1,2025-08-24,0.000465758333333,0.001863033333333,0.001865105672970,14.980000000000000,899.000000000000000,99.888888888888900,1,899.000000000000000,99.888888888888900
sb_c,L2,2025-08-24 00:00:00,20250824,0,2025-08-24 01:00:00,1,2025-08-24,0.000467530555556,0.001870122222222,0.001872202447164,14.980000000000000,899.000000000000000,99.888888888888900,1,899.000000000000000,99.888888888888900
sb_c,L3,2025-08-24 00:00:00,20250824,0,2025-08-24 01:00:00,1,2025-08-24,0.000375327777778,0.001501311111111,0.001502981090100,14.980000000000000,899.000000000000000,99.888888888888900,1,899.000000000000000,99.888888888888900
sb_c,ALL,2025-08-24 00:00:00,20250824,0,2025-08-24 01:00:00,1,2025-08-24,0.001308616666667,0.005234466666667,0.001746763070078,15.000000000000000,900.000000000000000,100.000000000000000,1,900.000000000000000,100.000000000000000
sb_c,L1,2025-08-24 00:15:00,20250824,1500,2025-08-24 01:15:00,1,2025-08-24,0.000467558333333,0.001870233333333,0.001870233333333,15.000000000000000,900.000000000000000,100.000000000000000,1,900.000000000000000,100.000000000000000
sb_c,L2,2025-08-24 00:15:00,20250824,1500,2025-08-24 01:15:00,1,2025-08-24,0.000467494444444,0.001869977777778,0.001869977777778,15.000000000000000,900.000000000000000,100.000000000000000,1,900.000000000000000,100.000000000000000
sb_c,L3,2025-08-24 00:15:00,20250824,1500,2025-08-24 01:15:00,1,2025-08-24,0.000374919444444,0.001499677777778,0.001499677777778,15.000000000000000,900.000000000000000,100.000000000000000,1,900.000000000000000,100.000000000000000
sb_c,ALL,2025-08-24 00:15:00,20250824,1500,2025-08-24 01:15:00,1,2025-08-24,0.001309972222222,0.005239888888889,0.001746629629630,15.000000000000000,900.000000000000000,100.000000000000000,1,900.000000000000000,100.000000000000000
sb_c,L1,2025-08-24 00:30:00,20250824,3000,2025-08-24 01:30:00,1,2025-08-24,0.000468286111111,0.001873144444444,0.001873144444444,15.000000000000000,900.000000000000000,100.000000000000000,1,900.000000000000000,100.000000000000000
sb_c,L2,2025-08-24 00:30:00,20250824,3000,2025-08-24 01:30:00,1,2025-08-24,0.000467872222222,0.001871488888889,0.001871488888889,15.000000000000000,900.000000000000000,100.000000000000000,1,900.000000000000000,100.000000000000000
sb_c,L3,2025-08-24 00:30:00,20250824,3000,2025-08-24 01:30:00,1,2025-08-24,0.000374002777778,0.001496011111111,0.001496011111111,15.000000000000000,900.000000000000000,100.000000000000000,1,900.000000000000000,100.000000000000000
sb_c,ALL,2025-08-24 00:30:00,20250824,3000,2025-08-24 01:30:00,1,2025-08-24,0.001310161111111,0.005240644444444,0.001746881481481,15.000000000000000,900.000000000000000,100.000000000000000,1,900.000000000000000,100.000000000000000
sb_c,L1,2025-08-24 00:45:00,20250824,4500,2025-08-24 01:45:00,1,2025-08-24,0.000469172222222,0.001876688888889,0.001876688888889,15.000000000000000,900.000000000000000,100.000000000000000,1,900.000000000000000,100.000000000000000
sb_c,L2,2025-08-24 00:45:00,20250824,4500,2025-08-24 01:45:00,1,2025-08-24,0.000471280555556,0.001885122222222,0.001885122222222,15.000000000000000,900.000000000000000,100.000000000000000,1,900.000000000000000,100.000000000000000
sb_c,L3,2025-08-24 00:45:00,20250824,4500,2025-08-24 01:45:00,1,2025-08-24,0.000371241666667,0.001484966666667,0.001484966666667,15.000000000000000,900.000000000000000,100.000000000000000,1,900.000000000000000,100.000000000000000
sb_c,ALL,2025-08-24 00:45:00,20250824,4500,2025-08-24 01:45:00,1,2025-08-24,0.001311694444444,0.005246777777778,0.001748925925926,15.000000000000000,900.000000000000000,100.000000000000000,1,900.000000000000000,100.000000000000000
sb_c,L1,2025-08-24 01:00:00,20250824,10000,2025-08-24 02:00:00,2,2025-08-24,0.000470813888889,0.001883255555556,0.001883255555556,15.000000000000000,900.000000000000000,100.000000000000000,1,900.000000000000000,100.000000000000000
sb_c,L2,2025-08-24 01:00:00,20250824,10000,2025-08-24 02:00:00,2,2025-08-24,0.000468247222222,0.001872988888889,0.001872988888889,15.000000000000000,900.000000000000000,100.000000000000000,1,900.000000000000000,100.000000000000000
sb_c,L3,2025-08-24 01:00:00,20250824,10000,2025-08-24 02:00:00,2,2025-08-24,0.000372302777778,0.001489211111111,0.001489211111111,15.000000000000000,900.000000000000000,100.000000000000000,1,900.000000000000000,100.000000000000000
sb_c,ALL,2025-08-24 01:00:00,20250824,10000,2025-08-24 02:00:00,2,2025-08-24,0.001311363888889,0.005245455555556,0.001748485185185,15.000000000000000,900.000000000000000,100.000000000000000,1,900.000000000000000,100.000000000000000
sb_c,L1,2025-08-24 01:15:00,20250824,11500,2025-08-24 02:15:00,2,2025-08-24,0.000469847222222,0.001879388888889,0.001879388888889,15.000000000000000,900.000000000000000,100.000000000000000,1,900.000000000000000,100.000000000000000
sb_c,L2,2025-08-24 01:15:00,20250824,11500,2025-08-24 02:15:00,2,2025-08-24,0.000467611111111,0.001870444444444,0.001870444444444,15.000000000000000,900.000000000000000,100.000000000000000,1,900.000000000000000,100.000000000000000
sb_c,L3,2025-08-24 01:15:00,20250824,11500,2025-08-24 02:15:00,2,2025-08-24,0.000373791666667,0.001495166666667,0.001495166666667,15.000000000000000,900.000000000000000,100.000000000000000,1,900.000000000000000,100.000000000000000
sb_c,ALL,2025-08-24 01:15:00,20250824,11500,2025-08-24 02:15:00,2,2025-08-24,0.001311250000000,0.005245000000000,0.001748333333333,15.000000000000000,900.000000000000000,100.000000000000000,1,900.000000000000000,100.000000000000000
sb_c,L1,2025-08-24 01:30:00,20250824,13000,2025-08-24 02:30:00,2,2025-08-24,0.000470302777778,0.001881211111111,0.001881211111111,15.000000000000000,900.000000000000000,100.000000000000000,1,900.000000000000000,100.000000000000000
sb_c,L2,2025-08-24 01:30:00,20250824,13000,2025-08-24 02:30:00,2,2025-08-24,0.000467702777778,0.001870811111111,0.001870811111111,15.000000000000000,900.000000000000000,100.000000000000000,1,900.000000000000000,100.000000000000000
sb_c,L3,2025-08-24 01:30:00,20250824,13000,2025-08-24 02:30:00,2,2025-08-24,0.000374008333333,0.001496033333333,0.001496033333333,15.000000000000000,900.000000000000000,100.000000000000000,1,900.000000000000000,100.000000000000000
sb_c,ALL,2025-08-24 01:30:00,20250824,13000,2025-08-24 02:30:00,2,2025-08-24,0.001312013888889,0.005248055555556,0.001749351851852,15.000000000000000,900.000000000000000,100.000000000000000,1,900.000000000000000,100.000000000000000
sb_c,L1,2025-08-24 01:45:00,20250824,14500,2025-08-24 02:45:00,2,2025-08-24,0.000468255555556,0.001873022222222,0.001873022222222,15.000000000000000,900.000000000000000,100.000000000000000,1,900.000000000000000,100.000000000000000
sb_c,L2,2025-08-24 01:45:00,20250824,14500,2025-08-24 02:45:00,2,2025-08-24,0.000467566666667,0.001870266666667,0.001870266666667,15.000000000000000,900.000000000000000,100.000000000000000,1,900.000000000000000,100.000000000000000
sb_c,L3,2025-08-24 01:45:00,20250824,14500,2025-08-24 02:45:00,2,2025-08-24,0.000376966666667,0.001507866666667,0.001507866666667,15.000000000000000,900.000000000000000,100.000000000000000,1,900.000000000000000,100.000000000000000
sb_c,ALL,2025-08-24 01:45:00,20250824,14500,2025-08-24 02:45:00,2,2025-08-24,0.001312788888889,0.005251155555556,0.001750385185185,15.000000000000000,900.000000000000000,100.000000000000000,1,900.000000000000000,100.000000000000000
sb_c,L1,2025-08-24 02:00:00,20250824,20000,2025-08-24 03:00:00,3,2025-08-24,0.000467725000000,0.001870900000000,0.001870900000000,15.000000000000000,900.000000000000000,100.000000000000000,1,900.000000000000000,100.000000000000000
sb_c,L2,2025-08-24 02:00:00,20250824,20000,2025-08-24 03:00:00,3,2025-08-24,0.000468997222222,0.001875988888889,0.001875988888889,15.000000000000000,900.000000000000000,100.000000000000000,1,900.000000000000000,100.000000000000000
sb_c,L3,2025-08-24 02:00:00,20250824,20000,2025-08-24 03:00:00,3,2025-08-24,0.000376263888889,0.001505055555556,0.001505055555556,15.000000000000000,900.000000000000000,100.000000000000000,1,900.000000000000000,100.000000000000000
sb_c,ALL,2025-08-24 02:00:00,20250824,20000,2025-08-24 03:00:00,3,2025-08-24,0.001312986111111,0.005251944444444,0.001750648148148,15.000000000000000,900.000000000000000,100.000000000000000,1,900.000000000000000,100.000000000000000
sb_c,L1,2025-08-24 02:15:00,20250824,21500,2025-08-24 03:15:00,3,2025-08-24,0.000467588888889,0.001870355555556,0.001870355555556,15.000000000000000,900.000000000000000,100.000000000000000,1,900.000000000000000,100.000000000000000
sb_c,L2,2025-08-24 02:15:00,20250824,21500,2025-08-24 03:15:00,3,2025-08-24,0.000470713888889,0.001882855555556,0.001882855555556,15.000000000000000,900.000000000000000,100.000000000000000,1,900.000000000000000,100.000000000000000
sb_c,L3,2025-08-24 02:15:00,20250824,21500,2025-08-24 03:15:00,3,2025-08-24,0.000374583333333,0.001498333333333,0.001498333333333,15.000000000000000,900.000000000000000,100.000000000000000,1,900.000000000000000,100.000000000000000
sb_c,ALL,2025-08-24 02:15:00,20250824,21500,2025-08-24 03:15:00,3,2025-08-24,0.001312886111111,0.005251544444444,0.001750514814815,15.000000000000000,900.000000000000000,100.000000000000000,1,900.000000000000000,100.000000000000000
sb_c,L1,2025-08-24 02:30:00,20250824,23000,2025-08-24 03:30:00,3,2025-08-24,0.000468305555556,0.001873222222222,0.001873222222222,15.000000000000000,900.000000000000000,100.000000000000000,1,900.000000000000000,100.000000000000000
sb_c,L2,2025-08-24 02:30:00,20250824,23000,2025-08-24 03:30:00,3,2025-08-24,0.000471952777778,0.001887811111111,0.001887811111111,15.000000000000000,900.000000000000000,100.000000000000000,1,900.000000000000000,100.000000000000000
sb_c,L3,2025-08-24 02:30:00,20250824,23000,2025-08-24 03:30:00,3,2025-08-24,0.000373136111111,0.001492544444444,0.001492544444444,15.000000000000000,900.000000000000000,100.000000000000000,1,900.000000000000000,100.000000000000000
sb_c,ALL,2025-08-24 02:30:00,20250824,23000,2025-08-24 03:30:00,3,2025-08-24,0.001313394444444,0.005253577777778,0.001751192592593,15.000000000000000,900.000000000000000,100.000000000000000,1,900.000000000000000,100.000000000000000
sb_c,L1,2025-08-24 02:45:00,20250824,24500,2025-08-24 03:45:00,3,2025-08-24,0.000468180555556,0.001872722222222,0.001872722222222,15.000000000000000,900.000000000000000,100.000000000000000,1,900.000000000000000,100.000000000000000
sb_c,L2,2025-08-24 02:45:00,20250824,24500,2025-08-24 03:45:00,3,2025-08-24,0.000472427777778,0.001889711111111,0.001889711111111,15.000000000000000,900.000000000000000,100.000000000000000,1,900.000000000000000,100.000000000000000
sb_c,L3,2025-08-24 02:45:00,20250824,24500,2025-08-24 03:45:00,3,2025-08-24,0.000373322222222,0.001493288888889,0.001493288888889,15.000000000000000,900.000000000000000,100.000000000000000,1,900.000000000000000,100.000000000000000
sb_c,ALL,2025-08-24 02:45:00,20250824,24500,2025-08-24 03:45:00,3,2025-08-24,0.001313930555556,0.005255722222222,0.001751907407407,15.000000000000000,900.000000000000000,100.000000000000000,1,900.000000000000000,100.000000000000000
sb_c,L1,2025-08-24 03:00:00,20250824,30000,2025-08-24 04:00:00,4,2025-08-24,0.000465647222222,0.001862588888889,0.001862588888889,15.000000000000000,900.000000000000000,100.000000000000000,1,900.000000000000000,100.000000000000000
sb_c,L2,2025-08-24 03:00:00,20250824,30000,2025-08-24 04:00:00,4,2025-08-24,0.000474113888889,0.001896455555556,0.001896455555556,15.000000000000000,900.000000000000000,100.000000000000000,1,900.000000000000000,100.000000000000000
sb_c,L3,2025-08-24 03:00:00,20250824,30000,2025-08-24 04:00:00,4,2025-08-24,0.000374413888889,0.001497655555556,0.001497655555556,15.000000000000000,900.000000000000000,100.000000000000000,1,900.000000000000000,100.000000000000000
sb_c,ALL,2025-08-24 03:00:00,20250824,30000,2025-08-24 04:00:00,4,2025-08-24,0.001314175000000,0.005256700000000,0.001752233333333,15.000000000000000,900.000000000000000,100.000000000000000,1,900.000000000000000,100.000000000000000
sb_c,L1,2025-08-24 03:15:00,20250824,31500,2025-08-24 04:15:00,4,2025-08-24,0.000467688888889,0.001870755555556,0.001870755555556,15.000000000000000,900.000000000000000,100.000000000000000,1,900.000000000000000,100.000000000000000
sb_c,L2,2025-08-24 03:15:00,20250824,31500,2025-08-24 04:15:00,4,2025-08-24,0.000473208333333,0.001892833333333,0.001892833333333,15.000000000000000,900.000000000000000,100.000000000000000,1,900.000000000000000,100.000000000000000
sb_c,L3,2025-08-24 03:15:00,20250824,31500,2025-08-24 04:15:00,4,2025-08-24,0.000373341666667,0.001493366666667,0.001493366666667,15.000000000000000,900.000000000000000,100.000000000000000,1,900.000000000000000,100.000000000000000
sb_c,ALL,2025-08-24 03:15:00,20250824,31500,2025-08-24 04:15:00,4,2025-08-24,0.001314238888889,0.005256955555556,0.001752318518519,15.000000000000000,900.000000000000000,100.000000000000000,1,900.000000000000000,100.000000000000000
sb_c,L1,2025-08-24 03:30:00,20250824,33000,2025-08-24 04:30:00,4,2025-08-24,0.000470133333333,0.001880533333333,0.001880533333333,15.000000000000000,900.000000000000000,100.000000000000000,1,900.000000000000000,100.000000000000000
sb_c,L2,2025-08-24 03:30:00,20250824,33000,2025-08-24 04:30:00,4,2025-08-24,0.000473261111111,0.001893044444444,0.001893044444444,15.000000000000000,900.000000000000000,100.000000000000000,1,900.000000000000000,100.000000000000000
sb_c,L3,2025-08-24 03:30:00,20250824,33000,2025-08-24 04:30:00,4,2025-08-24,0.000371963888889,0.001487855555556,0.001487855555556,15.000000000000000,900.000000000000000,100.000000000000000,1,900.000000000000000,100.000000000000000
sb_c,ALL,2025-08-24 03:30:00,20250824,33000,2025-08-24 04:30:00,4,2025-08-24,0.001315358333333,0.005261433333333,0.001753811111111,15.000000000000000,900.000000000000000,100.000000000000000,1,900.000000000000000,100.000000000000000
sb_c,L1,2025-08-24 03:45:00,20250824,34500,2025-08-24 04:45:00,4,2025-08-24,0.000468286111111,0.001873144444444,0.001873144444444,15.000000000000000,900.000000000000000,100.000000000000000,1,900.000000000000000,100.000000000000000
sb_c,L2,2025-08-24 03:45:00,20250824,34500,2025-08-24 04:45:00,4,2025-08-24,0.000473447222222,0.001893788888889,0.001893788888889,15.000000000000000,900.000000000000000,100.000000000000000,1,900.000000000000000,100.000000000000000
sb_c,L3,2025-08-24 03:45:00,20250824,34500,2025-08-24 04:45:00,4,2025-08-24,0.000372566666667,0.001490266666667,0.001490266666667,15.000000000000000,900.000000000000000,100.000000000000000,1,900.000000000000000,100.000000000000000
sb_c,ALL,2025-08-24 03:45:00,20250824,34500,2025-08-24 04:45:00,4,2025-08-24,0.001314300000000,0.005257200000000,0.001752400000000,15.000000000000000,900.000000000000000,100.000000000000000,1,900.000000000000000,100.000000000000000
sb_c,L1,2025-08-24 04:00:00,20250824,40000,2025-08-24 05:00:00,5,2025-08-24,0.000467294444444,0.001869177777778,0.001869177777778,15.000000000000000,900.000000000000000,100.000000000000000,1,900.000000000000000,100.000000000000000
sb_c,L2,2025-08-24 04:00:00,20250824,40000,2025-08-24 05:00:00,5,2025-08-24,0.000472269444444,0.001889077777778,0.001889077777778,15.000000000000000,900.000000000000000,100.000000000000000,1,900.000000000000000,100.000000000000000
sb_c,L3,2025-08-24 04:00:00,20250824,40000,2025-08-24 05:00:00,5,2025-08-24,0.000374836111111,0.001499344444444,0.001499344444444,15.000000000000000,900.000000000000000,100.000000000000000,1,900.000000000000000,100.000000000000000
sb_c,ALL,2025-08-24 04:00:00,20250824,40000,2025-08-24 05:00:00,5,2025-08-24,0.001314400000000,0.005257600000000,0.001752533333333,15.000000000000000,900.000000000000000,100.000000000000000,1,900.000000000000000,100.000000000000000
sb_c,L1,2025-08-24 04:15:00,20250824,41500,2025-08-24 05:15:00,5,2025-08-24,0.000465933333333,0.001863733333333,0.001863733333333,15.000000000000000,900.000000000000000,100.000000000000000,1,900.000000000000000,100.000000000000000
sb_c,L2,2025-08-24 04:15:00,20250824,41500,2025-08-24 05:15:00,5,2025-08-24,0.000474502777778,0.001898011111111,0.001898011111111,15.000000000000000,900.000000000000000,100.000000000000000,1,900.000000000000000,100.000000000000000
sb_c,L3,2025-08-24 04:15:00,20250824,41500,2025-08-24 05:15:00,5,2025-08-24,0.000373469444444,0.001493877777778,0.001493877777778,15.000000000000000,900.000000000000000,100.000000000000000,1,900.000000000000000,100.000000000000000
sb_c,ALL,2025-08-24 04:15:00,20250824,41500,2025-08-24 05:15:00,5,2025-08-24,0.001313905555556,0.005255622222222,0.001751874074074,15.000000000000000,900.000000000000000,100.000000000000000,1,900.000000000000000,100.000000000000000
sb_c,L1,2025-08-24 04:30:00,20250824,43000,2025-08-24 05:30:00,5,2025-08-24,0.000465519444444,0.001862077777778,0.001862077777778,15.000000000000000,900.000000000000000,100.000000000000000,1,900.000000000000000,100.000000000000000
sb_c,L2,2025-08-24 04:30:00,20250824,43000,2025-08-24 05:30:00,5,2025-08-24,0.000474927777778,0.001899711111111,0.001899711111111,15.000000000000000,900.000000000000000,100.000000000000000,1,900.000000000000000,100.000000000000000
sb_c,L3,2025-08-24 04:30:00,20250824,43000,2025-08-24 05:30:00,5,2025-08-24,0.000373100000000,0.001492400000000,0.001492400000000,15.000000000000000,900.000000000000000,100.000000000000000,1,900.000000000000000,100.000000000000000
sb_c,ALL,2025-08-24 04:30:00,20250824,43000,2025-08-24 05:30:00,5,2025-08-24,0.001313547222222,0.005254188888889,0.001751396296296,15.000000000000000,900.000000000000000,100.000000000000000,1,900.000000000000000,100.000000000000000
sb_c,L1,2025-08-24 04:45:00,20250824,44500,2025-08-24 05:45:00,5,2025-08-24,0.000466513888889,0.001866055555556,0.001866055555556,15.000000000000000,900.000000000000000,100.000000000000000,1,900.000000000000000,100.000000000000000
sb_c,L2,2025-08-24 04:45:00,20250824,44500,2025-08-24 05:45:00,5,2025-08-24,0.000469988888889,0.001879955555556,0.001879955555556,15.000000000000000,900.000000000000000,100.000000000000000,1,900.000000000000000,100.000000000000000
sb_c,L3,2025-08-24 04:45:00,20250824,44500,2025-08-24 05:45:00,5,2025-08-24,0.000373308333333,0.001493233333333,0.001493233333333,15.000000000000000,900.000000000000000,100.000000000000000,1,900.000000000000000,100.000000000000000
sb_c,ALL,2025-08-24 04:45:00,20250824,44500,2025-08-24 05:45:00,5,2025-08-24,0.001309811111111,0.005239244444444,0.001746414814815,15.000000000000000,900.000000000000000,100.000000000000000,1,900.000000000000000,100.000000000000000
sb_c,L1,2025-08-24 05:00:00,20250824,50000,2025-08-24 06:00:00,6,2025-08-24,0.000466433333333,0.001865733333333,0.001865733333333,15.000000000000000,900.000000000000000,100.000000000000000,1,900.000000000000000,100.000000000000000
sb_c,L2,2025-08-24 05:00:00,20250824,50000,2025-08-24 06:00:00,6,2025-08-24,0.000470644444444,0.001882577777778,0.001882577777778,15.000000000000000,900.000000000000000,100.000000000000000,1,900.000000000000000,100.000000000000000
sb_c,L3,2025-08-24 05:00:00,20250824,50000,2025-08-24 06:00:00,6,2025-08-24,0.000371902777778,0.001487611111111,0.001487611111111,15.000000000000000,900.000000000000000,100.000000000000000,1,900.000000000000000,100.000000000000000
sb_c,ALL,2025-08-24 05:00:00,20250824,50000,2025-08-24 06:00:00,6,2025-08-24,0.001308980555556,0.005235922222222,0.001745307407407,15.000000000000000,900.000000000000000,100.000000000000000,1,900.000000000000000,100.000000000000000
sb_c,L1,2025-08-24 05:15:00,20250824,51500,2025-08-24 06:15:00,6,2025-08-24,0.000447377777778,0.001789511111111,0.001789511111111,15.000000000000000,900.000000000000000,100.000000000000000,1,900.000000000000000,100.000000000000000
sb_c,L2,2025-08-24 05:15:00,20250824,51500,2025-08-24 06:15:00,6,2025-08-24,0.000447950000000,0.001791800000000,0.001791800000000,15.000000000000000,900.000000000000000,100.000000000000000,1,900.000000000000000,100.000000000000000
sb_c,L3,2025-08-24 05:15:00,20250824,51500,2025-08-24 06:15:00,6,2025-08-24,0.000351327777778,0.001405311111111,0.001405311111111,15.000000000000000,900.000000000000000,100.000000000000000,1,900.000000000000000,100.000000000000000
sb_c,ALL,2025-08-24 05:15:00,20250824,51500,2025-08-24 06:15:00,6,2025-08-24,0.001246655555556,0.004986622222222,0.001662207407407,15.000000000000000,900.000000000000000,100.000000000000000,1,900.000000000000000,100.000000000000000
sb_c,L1,2025-08-24 05:30:00,20250824,53000,2025-08-24 06:30:00,6,2025-08-24,0.000376600000000,0.001506400000000,0.001506400000000,15.000000000000000,900.000000000000000,100.000000000000000,1,900.000000000000000,100.000000000000000
sb_c,L2,2025-08-24 05:30:00,20250824,53000,2025-08-24 06:30:00,6,2025-08-24,0.000381966666667,0.001527866666667,0.001527866666667,15.000000000000000,900.000000000000000,100.000000000000000,1,900.000000000000000,100.000000000000000
sb_c,L3,2025-08-24 05:30:00,20250824,53000,2025-08-24 06:30:00,6,2025-08-24,0.000284500000000,0.001138000000000,0.001138000000000,15.000000000000000,900.000000000000000,100.000000000000000,1,900.000000000000000,100.000000000000000
sb_c,ALL,2025-08-24 05:30:00,20250824,53000,2025-08-24 06:30:00,6,2025-08-24,0.001043066666667,0.004172266666667,0.001390755555556,15.000000000000000,900.000000000000000,100.000000000000000,1,900.000000000000000,100.000000000000000
sb_c,L1,2025-08-24 05:45:00,20250824,54500,2025-08-24 06:45:00,6,2025-08-24,0.000188455555556,0.000753822222222,0.000966438746439,15.000000000000000,900.000000000000000,100.000000000000000,0,702.000000000000000,78.000000000000000
sb_c,L2,2025-08-24 05:45:00,20250824,54500,2025-08-24 06:45:00,6,2025-08-24,0.000189644444444,0.000758577777778,0.000972535612536,15.000000000000000,900.000000000000000,100.000000000000000,0,702.000000000000000,78.000000000000000
sb_c,L3,2025-08-24 05:45:00,20250824,54500,2025-08-24 06:45:00,6,2025-08-24,0.000118947222222,0.000475788888889,0.000696276422764,15.000000000000000,900.000000000000000,100.000000000000000,0,615.000000000000000,68.333333333333329
sb_c,ALL,2025-08-24 05:45:00,20250824,54500,2025-08-24 06:45:00,6,2025-08-24,0.000497047222222,0.001988188888889,0.000886265477959,15.000000000000000,900.000000000000000,100.000000000000000,1,900.000000000000000,100.000000000000000
sb_c,L1,2025-08-24 06:00:00,20250824,60000,2025-08-24 07:00:00,7,2025-08-24,0.000000000000000,0.000000000000000,NaN,15.000000000000000,900.000000000000000,100.000000000000000,0,0.000000000000000,0.000000000000000
sb_c,L2,2025-08-24 06:00:00,20250824,60000,2025-08-24 07:00:00,7,2025-08-24,0.000000000000000,0.000000000000000,NaN,15.000000000000000,900.000000000000000,100.000000000000000,0,0.000000000000000,0.000000000000000
sb_c,L3,2025-08-24 06:00:00,20250824,60000,2025-08-24 07:00:00,7,2025-08-24,0.000000000000000,0.000000000000000,NaN,15.000000000000000,900.000000000000000,100.000000000000000,0,0.000000000000000,0.000000000000000
sb_c,ALL,2025-08-24 06:00:00,20250824,60000,2025-08-24 07:00:00,7,2025-08-24,0.000000000000000,0.000000000000000,NaN,15.000000000000000,900.000000000000000,100.000000000000000,0,0.000000000000000,0.000000000000000
sb_c,L1,2025-08-24 06:15:00,20250824,61500,2025-08-24 07:15:00,7,2025-08-24,0.000000000000000,0.000000000000000,NaN,15.000000000000000,900.000000000000000,100.000000000000000,0,0.000000000000000,0.000000000000000
sb_c,L2,2025-08-24 06:15:00,20250824,61500,2025-08-24 07:15:00,7,2025-08-24,0.000000000000000,0.000000000000000,NaN,15.000000000000000,900.000000000000000,100.000000000000000,0,0.000000000000000,0.000000000000000
sb_c,L3,2025-08-24 06:15:00,20250824,61500,2025-08-24 07:15:00,7,2025-08-24,0.000000000000000,0.000000000000000,NaN,15.000000000000000,900.000000000000000,100.000000000000000,0,0.000000000000000,0.000000000000000
sb_c,ALL,2025-08-24 06:15:00,20250824,61500,2025-08-24 07:15:00,7,2025-08-24,0.000000000000000,0.000000000000000,NaN,15.000000000000000,900.000000000000000,100.000000000000000,0,0.000000000000000,0.000000000000000
sb_c,L1,2025-08-24 06:30:00,20250824,63000,2025-08-24 07:30:00,7,2025-08-24,0.000000000000000,0.000000000000000,NaN,15.000000000000000,900.000000000000000,100.000000000000000,0,0.000000000000000,0.000000000000000
sb_c,L2,2025-08-24 06:30:00,20250824,63000,2025-08-24 07:30:00,7,2025-08-24,0.000000000000000,0.000000000000000,NaN,15.000000000000000,900.000000000000000,100.000000000000000,0,0.000000000000000,0.000000000000000
sb_c,L3,2025-08-24 06:30:00,20250824,63000,2025-08-24 07:30:00,7,2025-08-24,0.000000000000000,0.000000000000000,NaN,15.000000000000000,900.000000000000000,100.000000000000000,0,0.000000000000000,0.000000000000000
sb_c,ALL,2025-08-24 06:30:00,20250824,63000,2025-08-24 07:30:00,7,2025-08-24,0.000000000000000,0.000000000000000,NaN,15.000000000000000,900.000000000000000,100.000000000000000,0,0.000000000000000,0.000000000000000
sb_c,L1,2025-08-24 06:45:00,20250824,64500,2025-08-24 07:45:00,7,2025-08-24,0.000000000000000,0.000000000000000,NaN,15.000000000000000,900.000000000000000,100.000000000000000,0,0.000000000000000,0.000000000000000
sb_c,L2,2025-08-24 06:45:00,20250824,64500,2025-08-24 07:45:00,7,2025-08-24,0.000000000000000,0.000000000000000,NaN,15.000000000000000,900.000000000000000,100.000000000000000,0,0.000000000000000,0.000000000000000
sb_c,L3,2025-08-24 06:45:00,20250824,64500,2025-08-24 07:45:00,7,2025-08-24,0.000000000000000,0.000000000000000,NaN,15.000000000000000,900.000000000000000,100.000000000000000,0,0.000000000000000,0.000000000000000
sb_c,ALL,2025-08-24 06:45:00,20250824,64500,2025-08-24 07:45:00,7,2025-08-24,0.000000000000000,0.000000000000000,NaN,15.000000000000000,900.000000000000000,100.000000000000000,0,0.000000000000000,0.000000000000000
sb_c,L1,2025-08-24 07:00:00,20250824,70000,2025-08-24 08:00:00,8,2025-08-24,0.000000000000000,0.000000000000000,NaN,15.000000000000000,900.000000000000000,100.000000000000000,0,0.000000000000000,0.000000000000000
sb_c,L2,2025-08-24 07:00:00,20250824,70000,2025-08-24 08:00:00,8,2025-08-24,0.000000000000000,0.000000000000000,NaN,15.000000000000000,900.000000000000000,100.000000000000000,0,0.000000000000000,0.000000000000000
sb_c,L3,2025-08-24 07:00:00,20250824,70000,2025-08-24 08:00:00,8,2025-08-24,0.000000000000000,0.000000000000000,NaN,15.000000000000000,900.000000000000000,100.000000000000000,0,0.000000000000000,0.000000000000000
sb_c,ALL,2025-08-24 07:00:00,20250824,70000,2025-08-24 08:00:00,8,2025-08-24,0.000000000000000,0.000000000000000,NaN,15.000000000000000,900.000000000000000,100.000000000000000,0,0.000000000000000,0.000000000000000
sb_c,L1,2025-08-24 07:15:00,20250824,71500,2025-08-24 08:15:00,8,2025-08-24,0.000000000000000,0.000000000000000,NaN,15.000000000000000,900.000000000000000,100.000000000000000,0,0.000000000000000,0.000000000000000
sb_c,L2,2025-08-24 07:15:00,20250824,71500,2025-08-24 08:15:00,8,2025-08-24,0.000000000000000,0.000000000000000,NaN,15.000000000000000,900.000000000000000,100.000000000000000,0,0.000000000000000,0.000000000000000
sb_c,L3,2025-08-24 07:15:00,20250824,71500,2025-08-24 08:15:00,8,2025-08-24,0.000000000000000,0.000000000000000,NaN,15.000000000000000,900.000000000000000,100.000000000000000,0,0.000000000000000,0.000000000000000
sb_c,ALL,2025-08-24 07:15:00,20250824,71500,2025-08-24 08:15:00,8,2025-08-24,0.000000000000000,0.000000000000000,NaN,15.000000000000000,900.000000000000000,100.000000000000000,0,0.000000000000000,0.000000000000000
sb_c,L1,2025-08-24 07:30:00,20250824,73000,2025-08-24 08:30:00,8,2025-08-24,0.000000000000000,0.000000000000000,NaN,15.000000000000000,900.000000000000000,100.000000000000000,0,0.000000000000000,0.000000000000000
sb_c,L2,2025-08-24 07:30:00,20250824,73000,2025-08-24 08:30:00,8,2025-08-24,0.000000000000000,0.000000000000000,NaN,15.000000000000000,900.000000000000000,100.000000000000000,0,0.000000000000000,0.000000000000000
sb_c,L3,2025-08-24 07:30:00,20250824,73000,2025-08-24 08:30:00,8,2025-08-24,0.000000000000000,0.000000000000000,NaN,15.000000000000000,900.000000000000000,100.000000000000000,0,0.000000000000000,0.000000000000000
sb_c,ALL,2025-08-24 07:30:00,20250824,73000,2025-08-24 08:30:00,8,2025-08-24,0.000000000000000,0.000000000000000,NaN,15.000000000000000,900.000000000000000,100.000000000000000,0,0.000000000000000,0.000000000000000
sb_c,L1,2025-08-24 07:45:00,20250824,74500,2025-08-24 08:45:00,8,2025-08-24,0.000000000000000,0.000000000000000,NaN,15.000000000000000,900.000000000000000,100.000000000000000,0,0.000000000000000,0.000000000000000
sb_c,L2,2025-08-24 07:45:00,20250824,74500,2025-08-24 08:45:00,8,2025-08-24,0.000000000000000,0.000000000000000,NaN,15.000000000000000,900.000000000000000,100.000000000000000,0,0.000000000000000,0.000000000000000
sb_c,L3,2025-08-24 07:45:00,20250824,74500,2025-08-24 08:45:00,8,2025-08-24,0.000000000000000,0.000000000000000,NaN,15.000000000000000,900.000000000000000,100.000000000000000,0,0.000000000000000,0.000000000000000
sb_c,ALL,2025-08-24 07:45:00,20250824,74500,2025-08-24 08:45:00,8,2025-08-24,0.000000000000000,0.000000000000000,NaN,15.000000000000000,900.000000000000000,100.000000000000000,0,0.000000000000000,0.000000000000000
sb_c,L1,2025-08-24 08:00:00,20250824,80000,2025-08-24 09:00:00,9,2025-08-24,0.000000000000000,0.000000000000000,NaN,15.000000000000000,900.000000000000000,100.000000000000000,0,0.000000000000000,0.000000000000000
sb_c,L2,2025-08-24 08:00:00,20250824,80000,2025-08-24 09:00:00,9,2025-08-24,0.000000000000000,0.000000000000000,NaN,15.000000000000000,900.000000000000000,100.000000000000000,0,0.000000000000000,0.000000000000000
sb_c,L3,2025-08-24 08:00:00,20250824,80000,2025-08-24 09:00:00,9,2025-08-24,0.000000000000000,0.000000000000000,NaN,15.000000000000000,900.000000000000000,100.000000000000000,0,0.000000000000000,0.000000000000000
sb_c,ALL,2025-08-24 08:00:00,20250824,80000,2025-08-24 09:00:00,9,2025-08-24,0.000000000000000,0.000000000000000,NaN,15.000000000000000,900.000000000000000,100.000000000000000,0,0.000000000000000,0.000000000000000
sb_c,L1,2025-08-24 08:15:00,20250824,81500,2025-08-24 09:15:00,9,2025-08-24,0.000000000000000,0.000000000000000,NaN,15.000000000000000,900.000000000000000,100.000000000000000,0,0.000000000000000,0.000000000000000
sb_c,L2,2025-08-24 08:15:00,20250824,81500,2025-08-24 09:15:00,9,2025-08-24,0.000000000000000,0.000000000000000,NaN,15.000000000000000,900.000000000000000,100.000000000000000,0,0.000000000000000,0.000000000000000
sb_c,L3,2025-08-24 08:15:00,20250824,81500,2025-08-24 09:15:00,9,2025-08-24,0.000000000000000,0.000000000000000,NaN,15.000000000000000,900.000000000000000,100.000000000000000,0,0.000000000000000,0.000000000000000
sb_c,ALL,2025-08-24 08:15:00,20250824,81500,2025-08-24 09:15:00,9,2025-08-24,0.000000000000000,0.000000000000000,NaN,15.000000000000000,900.000000000000000,100.000000000000000,0,0.000000000000000,0.000000000000000
sb_c,L1,2025-08-24 08:30:00,20250824,83000,2025-08-24 09:30:00,9,2025-08-24,0.000000000000000,0.000000000000000,NaN,15.000000000000000,900.000000000000000,100.000000000000000,0,0.000000000000000,0.000000000000000
sb_c,L2,2025-08-24 08:30:00,20250824,83000,2025-08-24 09:30:00,9,2025-08-24,0.000000000000000,0.000000000000000,NaN,15.000000000000000,900.000000000000000,100.000000000000000,0,0.000000000000000,0.000000000000000
sb_c,L3,2025-08-24 08:30:00,20250824,83000,2025-08-24 09:30:00,9,2025-08-24,0.000000000000000,0.000000000000000,NaN,15.000000000000000,900.000000000000000,100.000000000000000,0,0.000000000000000,0.000000000000000
sb_c,ALL,2025-08-24 08:30:00,20250824,83000,2025-08-24 09:30:00,9,2025-08-24,0.000000000000000,0.000000000000000,NaN,15.000000000000000,900.000000000000000,100.000000000000000,0,0.000000000000000,0.000000000000000
sb_c,L1,2025-08-24 08:45:00,20250824,84500,2025-08-24 09:45:00,9,2025-08-24,0.000000000000000,0.000000000000000,NaN,15.000000000000000,900.000000000000000,100.000000000000000,0,0.000000000000000,0.000000000000000
sb_c,L2,2025-08-24 08:45:00,20250824,84500,2025-08-24 09:45:00,9,2025-08-24,0.000000000000000,0.000000000000000,NaN,15.000000000000000,900.000000000000000,100.000000000000000,0,0.000000000000000,0.000000000000000
sb_c,L3,2025-08-24 08:45:00,20250824,84500,2025-08-24 09:45:00,9,2025-08-24,0.000000000000000,0.000000000000000,NaN,15.000000000000000,900.000000000000000,100.000000000000000,0,0.000000000000000,0.000000000000000
sb_c,ALL,2025-08-24 08:45:00,20250824,84500,2025-08-24 09:45:00,9,2025-08-24,0.000000000000000,0.000000000000000,NaN,15.000000000000000,900.000000000000000,100.000000000000000,0,0.000000000000000,0.000000000000000
sb_c,L1,2025-08-24 09:00:00,20250824,90000,2025-08-24 10:00:00,10,2025-08-24,0.000000000000000,0.000000000000000,NaN,15.000000000000000,900.000000000000000,100.000000000000000,0,0.000000000000000,0.000000000000000
sb_c,L2,2025-08-24 09:00:00,20250824,90000,2025-08-24 10:00:00,10,2025-08-24,0.000000000000000,0.000000000000000,NaN,15.000000000000000,900.000000000000000,100.000000000000000,0,0.000000000000000,0.000000000000000
sb_c,L3,2025-08-24 09:00:00,20250824,90000,2025-08-24 10:00:00,10,2025-08-24,0.000000000000000,0.000000000000000,NaN,15.000000000000000,900.000000000000000,100.000000000000000,0,0.000000000000000,0.000000000000000
sb_c,ALL,2025-08-24 09:00:00,20250824,90000,2025-08-24 10:00:00,10,2025-08-24,0.000000000000000,0.000000000000000,NaN,15.000000000000000,900.000000000000000,100.000000000000000,0,0.000000000000000,0.000000000000000
sb_c,L1,2025-08-24 09:15:00,20250824,91500,2025-08-24 10:15:00,10,2025-08-24,0.000000000000000,0.000000000000000,NaN,15.000000000000000,900.000000000000000,100.000000000000000,0,0.000000000000000,0.000000000000000
sb_c,L2,2025-08-24 09:15:00,20250824,91500,2025-08-24 10:15:00,10,2025-08-24,0.000000000000000,0.000000000000000,NaN,15.000000000000000,900.000000000000000,100.000000000000000,0,0.000000000000000,0.000000000000000
sb_c,L3,2025-08-24 09:15:00,20250824,91500,2025-08-24 10:15:00,10,2025-08-24,0.000000000000000,0.000000000000000,NaN,15.000000000000000,900.000000000000000,100.000000000000000,0,0.000000000000000,0.000000000000000
sb_c,ALL,2025-08-24 09:15:00,20250824,91500,2025-08-24 10:15:00,10,2025-08-24,0.000000000000000,0.000000000000000,NaN,15.000000000000000,900.000000000000000,100.000000000000000,0,0.000000000000000,0.000000000000000
sb_c,L1,2025-08-24 09:30:00,20250824,93000,2025-08-24 10:30:00,10,2025-08-24,0.000000000000000,0.000000000000000,NaN,15.000000000000000,900.000000000000000,100.000000000000000,0,0.000000000000000,0.000000000000000
sb_c,L2,2025-08-24 09:30:00,20250824,93000,2025-08-24 10:30:00,10,2025-08-24,0.000000000000000,0.000000000000000,NaN,15.000000000000000,900.000000000000000,100.000000000000000,0,0.000000000000000,0.000000000000000
sb_c,L3,2025-08-24 09:30:00,20250824,93000,2025-08-24 10:30:00,10,2025-08-24,0.000000000000000,0.000000000000000,NaN,15.000000000000000,900.000000000000000,100.000000000000000,0,0.000000000000000,0.000000000000000
sb_c,ALL,2025-08-24 09:30:00,20250824,93000,2025-08-24 10:30:00,10,2025-08-24,0.000000000000000,0.000000000000000,NaN,15.000000000000000,900.000000000000000,100.000000000000000,0,0.000000000000000,0.000000000000000
sb_c,L1,2025-08-24 09:45:00,20250824,94500,2025-08-24 10:45:00,10,2025-08-24,0.000000000000000,0.000000000000000,NaN,15.000000000000000,900.000000000000000,100.000000000000000,0,0.000000000000000,0.000000000000000
sb_c,L2,2025-08-24 09:45:00,20250824,94500,2025-08-24 10:45:00,10,2025-08-24,0.000000000000000,0.000000000000000,NaN,15.000000000000000,900.000000000000000,100.000000000000000,0,0.000000000000000,0.000000000000000
sb_c,L3,2025-08-24 09:45:00,20250824,94500,2025-08-24 10:45:00,10,2025-08-24,0.000000000000000,0.000000000000000,NaN,15.000000000000000,900.000000000000000,100.000000000000000,0,0.000000000000000,0.000000000000000
sb_c,ALL,2025-08-24 09:45:00,20250824,94500,2025-08-24 10:45:00,10,2025-08-24,0.000000000000000,0.000000000000000,NaN,15.000000000000000,900.000000000000000,100.000000000000000,0,0.000000000000000,0.000000000000000
sb_c,L1,2025-08-24 10:00:00,20250824,100000,2025-08-24 11:00:00,11,2025-08-24,0.000000000000000,0.000000000000000,NaN,15.000000000000000,900.000000000000000,100.000000000000000,0,0.000000000000000,0.000000000000000
sb_c,L2,2025-08-24 10:00:00,20250824,100000,2025-08-24 11:00:00,11,2025-08-24,0.000000000000000,0.000000000000000,NaN,15.000000000000000,900.000000000000000,100.000000000000000,0,0.000000000000000,0.000000000000000
sb_c,L3,2025-08-24 10:00:00,20250824,100000,2025-08-24 11:00:00,11,2025-08-24,0.000000000000000,0.000000000000000,NaN,15.000000000000000,900.000000000000000,100.000000000000000,0,0.000000000000000,0.000000000000000
sb_c,ALL,2025-08-24 10:00:00,20250824,100000,2025-08-24 11:00:00,11,2025-08-24,0.000000000000000,0.000000000000000,NaN,15.000000000000000,900.000000000000000,100.000000000000000,0,0.000000000000000,0.000000000000000
sb_c,L1,2025-08-24 10:15:00,20250824,101500,2025-08-24 11:15:00,11,2025-08-24,0.000000000000000,0.000000000000000,NaN,15.000000000000000,900.000000000000000,100.000000000000000,0,0.000000000000000,0.000000000000000
sb_c,L2,2025-08-24 10:15:00,20250824,101500,2025-08-24 11:15:00,11,2025-08-24,0.000000000000000,0.000000000000000,NaN,15.000000000000000,900.000000000000000,100.000000000000000,0,0.000000000000000,0.000000000000000
sb_c,L3,2025-08-24 10:15:00,20250824,101500,2025-08-24 11:15:00,11,2025-08-24,0.000000000000000,0.000000000000000,NaN,15.000000000000000,900.000000000000000,100.000000000000000,0,0.000000000000000,0.000000000000000
sb_c,ALL,2025-08-24 10:15:00,20250824,101500,2025-08-24 11:15:00,11,2025-08-24,0.000000000000000,0.000000000000000,NaN,15.000000000000000,900.000000000000000,100.000000000000000,0,0.000000000000000,0.000000000000000
sb_c,L1,2025-08-24 10:30:00,20250824,103000,2025-08-24 11:30:00,11,2025-08-24,0.000000000000000,0.000000000000000,NaN,15.000000000000000,900.000000000000000,100.000000000000000,0,0.000000000000000,0.000000000000000
sb_c,L2,2025-08-24 10:30:00,20250824,103000,2025-08-24 11:30:00,11,2025-08-24,0.000000000000000,0.000000000000000,NaN,15.000000000000000,900.000000000000000,100.000000000000000,0,0.000000000000000,0.000000000000000
sb_c,L3,2025-08-24 10:30:00,20250824,103000,2025-08-24 11:30:00,11,2025-08-24,0.000000000000000,0.000000000000000,NaN,15.000000000000000,900.000000000000000,100.000000000000000,0,0.000000000000000,0.000000000000000
sb_c,ALL,2025-08-24 10:30:00,20250824,103000,2025-08-24 11:30:00,11,2025-08-24,0.000000000000000,0.000000000000000,NaN,15.000000000000000,900.000000000000000,100.000000000000000,0,0.000000000000000,0.000000000000000
sb_c,L1,2025-08-24 10:45:00,20250824,104500,2025-08-24 11:45:00,11,2025-08-24,0.000000000000000,0.000000000000000,NaN,15.000000000000000,900.000000000000000,100.000000000000000,0,0.000000000000000,0.000000000000000
sb_c,L2,2025-08-24 10:45:00,20250824,104500,2025-08-24 11:45:00,11,2025-08-24,0.000000000000000,0.000000000000000,NaN,15.000000000000000,900.000000000000000,100.000000000000000,0,0.000000000000000,0.000000000000000
sb_c,L3,2025-08-24 10:45:00,20250824,104500,2025-08-24 11:45:00,11,2025-08-24,0.000000000000000,0.000000000000000,NaN,15.000000000000000,900.000000000000000,100.000000000000000,0,0.000000000000000,0.000000000000000
sb_c,ALL,2025-08-24 10:45:00,20250824,104500,2025-08-24 11:45:00,11,2025-08-24,0.000000000000000,0.000000000000000,NaN,15.000000000000000,900.000000000000000,100.000000000000000,0,0.000000000000000,0.000000000000000
sb_c,L1,2025-08-24 11:00:00,20250824,110000,2025-08-24 12:00:00,12,2025-08-24,0.000000000000000,0.000000000000000,NaN,15.000000000000000,900.000000000000000,100.000000000000000,0,0.000000000000000,0.000000000000000
sb_c,L2,2025-08-24 11:00:00,20250824,110000,2025-08-24 12:00:00,12,2025-08-24,0.000000000000000,0.000000000000000,NaN,15.000000000000000,900.000000000000000,100.000000000000000,0,0.000000000000000,0.000000000000000
sb_c,L3,2025-08-24 11:00:00,20250824,110000,2025-08-24 12:00:00,12,2025-08-24,0.000000000000000,0.000000000000000,NaN,15.000000000000000,900.000000000000000,100.000000000000000,0,0.000000000000000,0.000000000000000
sb_c,ALL,2025-08-24 11:00:00,20250824,110000,2025-08-24 12:00:00,12,2025-08-24,0.000000000000000,0.000000000000000,NaN,15.000000000000000,900.000000000000000,100.000000000000000,0,0.000000000000000,0.000000000000000
sb_c,L1,2025-08-24 11:15:00,20250824,111500,2025-08-24 12:15:00,12,2025-08-24,0.000000000000000,0.000000000000000,NaN,15.000000000000000,900.000000000000000,100.000000000000000,0,0.000000000000000,0.000000000000000
sb_c,L2,2025-08-24 11:15:00,20250824,111500,2025-08-24 12:15:00,12,2025-08-24,0.000000000000000,0.000000000000000,NaN,15.000000000000000,900.000000000000000,100.000000000000000,0,0.000000000000000,0.000000000000000
sb_c,L3,2025-08-24 11:15:00,20250824,111500,2025-08-24 12:15:00,12,2025-08-24,0.000000000000000,0.000000000000000,NaN,15.000000000000000,900.000000000000000,100.000000000000000,0,0.000000000000000,0.000000000000000
sb_c,ALL,2025-08-24 11:15:00,20250824,111500,2025-08-24 12:15:00,12,2025-08-24,0.000000000000000,0.000000000000000,NaN,15.000000000000000,900.000000000000000,100.000000000000000,0,0.000000000000000,0.000000000000000
sb_c,L1,2025-08-24 11:30:00,20250824,113000,2025-08-24 12:30:00,12,2025-08-24,0.000000000000000,0.000000000000000,NaN,15.000000000000000,900.000000000000000,100.000000000000000,0,0.000000000000000,0.000000000000000
sb_c,L2,2025-08-24 11:30:00,20250824,113000,2025-08-24 12:30:00,12,2025-08-24,0.000000000000000,0.000000000000000,NaN,15.000000000000000,900.000000000000000,100.000000000000000,0,0.000000000000000,0.000000000000000
sb_c,L3,2025-08-24 11:30:00,20250824,113000,2025-08-24 12:30:00,12,2025-08-24,0.000000000000000,0.000000000000000,NaN,15.000000000000000,900.000000000000000,100.000000000000000,0,0.000000000000000,0.000000000000000
sb_c,ALL,2025-08-24 11:30:00,20250824,113000,2025-08-24 12:30:00,12,2025-08-24,0.000000000000000,0.000000000000000,NaN,15.000000000000000,900.000000000000000,100.000000000000000,0,0.000000000000000,0.000000000000000
sb_c,L1,2025-08-24 11:45:00,20250824,114500,2025-08-24 12:45:00,12,2025-08-24,0.000000000000000,0.000000000000000,NaN,15.000000000000000,900.000000000000000,100.000000000000000,0,0.000000000000000,0.000000000000000
sb_c,L2,2025-08-24 11:45:00,20250824,114500,2025-08-24 12:45:00,12,2025-08-24,0.000000000000000,0.000000000000000,NaN,15.000000000000000,900.000000000000000,100.000000000000000,0,0.000000000000000,0.000000000000000
sb_c,L3,2025-08-24 11:45:00,20250824,114500,2025-08-24 12:45:00,12,2025-08-24,0.000000000000000,0.000000000000000,NaN,15.000000000000000,900.000000000000000,100.000000000000000,0,0.000000000000000,0.000000000000000
sb_c,ALL,2025-08-24 11:45:00,20250824,114500,2025-08-24 12:45:00,12,2025-08-24,0.000000000000000,0.000000000000000,NaN,15.000000000000000,900.000000000000000,100.000000000000000,0,0.000000000000000,0.000000000000000
sb_c,L1,2025-08-24 12:00:00,20250824,120000,2025-08-24 13:00:00,13,2025-08-24,0.000000000000000,0.000000000000000,NaN,15.000000000000000,900.000000000000000,100.000000000000000,0,0.000000000000000,0.000000000000000
sb_c,L2,2025-08-24 12:00:00,20250824,120000,2025-08-24 13:00:00,13,2025-08-24,0.000000000000000,0.000000000000000,NaN,15.000000000000000,900.000000000000000,100.000000000000000,0,0.000000000000000,0.000000000000000
sb_c,L3,2025-08-24 12:00:00,20250824,120000,2025-08-24 13:00:00,13,2025-08-24,0.000000000000000,0.000000000000000,NaN,15.000000000000000,900.000000000000000,100.000000000000000,0,0.000000000000000,0.000000000000000
sb_c,ALL,2025-08-24 12:00:00,20250824,120000,2025-08-24 13:00:00,13,2025-08-24,0.000000000000000,0.000000000000000,NaN,15.000000000000000,900.000000000000000,100.000000000000000,0,0.000000000000000,0.000000000000000
sb_c,L1,2025-08-24 12:15:00,20250824,121500,2025-08-24 13:15:00,13,2025-08-24,0.000000000000000,0.000000000000000,NaN,15.000000000000000,900.000000000000000,100.000000000000000,0,0.000000000000000,0.000000000000000
sb_c,L2,2025-08-24 12:15:00,20250824,121500,2025-08-24 13:15:00,13,2025-08-24,0.000000000000000,0.000000000000000,NaN,15.000000000000000,900.000000000000000,100.000000000000000,0,0.000000000000000,0.000000000000000
sb_c,L3,2025-08-24 12:15:00,20250824,121500,2025-08-24 13:15:00,13,2025-08-24,0.000000000000000,0.000000000000000,NaN,15.000000000000000,900.000000000000000,100.000000000000000,0,0.000000000000000,0.000000000000000
sb_c,ALL,2025-08-24 12:15:00,20250824,121500,2025-08-24 13:15:00,13,2025-08-24,0.000000000000000,0.000000000000000,NaN,15.000000000000000,900.000000000000000,100.000000000000000,0,0.000000000000000,0.000000000000000
sb_c,L1,2025-08-24 12:30:00,20250824,123000,2025-08-24 13:30:00,13,2025-08-24,0.000000000000000,0.000000000000000,NaN,15.000000000000000,900.000000000000000,100.000000000000000,0,0.000000000000000,0.000000000000000
sb_c,L2,2025-08-24 12:30:00,20250824,123000,2025-08-24 13:30:00,13,2025-08-24,0.000000000000000,0.000000000000000,NaN,15.000000000000000,900.000000000000000,100.000000000000000,0,0.000000000000000,0.000000000000000
sb_c,L3,2025-08-24 12:30:00,20250824,123000,2025-08-24 13:30:00,13,2025-08-24,0.000000000000000,0.000000000000000,NaN,15.000000000000000,900.000000000000000,100.000000000000000,0,0.000000000000000,0.000000000000000
sb_c,ALL,2025-08-24 12:30:00,20250824,123000,2025-08-24 13:30:00,13,2025-08-24,0.000000000000000,0.000000000000000,NaN,15.000000000000000,900.000000000000000,100.000000000000000,0,0.000000000000000,0.000000000000000
sb_c,L1,2025-08-24 12:45:00,20250824,124500,2025-08-24 13:45:00,13,2025-08-24,0.000000633333333,0.000002533333333,0.000380000000000,15.000000000000000,900.000000000000000,100.000000000000000,0,6.000000000000000,0.666666666666667
sb_c,L2,2025-08-24 12:45:00,20250824,124500,2025-08-24 13:45:00,13,2025-08-24,0.000000566666667,0.000002266666667,0.000340000000000,15.000000000000000,900.000000000000000,100.000000000000000,0,6.000000000000000,0.666666666666667
sb_c,L3,2025-08-24 12:45:00,20250824,124500,2025-08-24 13:45:00,13,2025-08-24,0.000000000000000,0.000000000000000,NaN,15.000000000000000,900.000000000000000,100.000000000000000,0,0.000000000000000,0.000000000000000
sb_c,ALL,2025-08-24 12:45:00,20250824,124500,2025-08-24 13:45:00,13,2025-08-24,0.000001200000000,0.000004800000000,0.000360000000000,15.000000000000000,900.000000000000000,100.000000000000000,0,12.000000000000000,1.333333333333333
sb_c,L1,2025-08-24 13:00:00,20250824,130000,2025-08-24 14:00:00,14,2025-08-24,0.000000000000000,0.000000000000000,NaN,15.000000000000000,900.000000000000000,100.000000000000000,0,0.000000000000000,0.000000000000000
sb_c,L2,2025-08-24 13:00:00,20250824,130000,2025-08-24 14:00:00,14,2025-08-24,0.000000000000000,0.000000000000000,NaN,15.000000000000000,900.000000000000000,100.000000000000000,0,0.000000000000000,0.000000000000000
sb_c,L3,2025-08-24 13:00:00,20250824,130000,2025-08-24 14:00:00,14,2025-08-24,0.000000000000000,0.000000000000000,NaN,15.000000000000000,900.000000000000000,100.000000000000000,0,0.000000000000000,0.000000000000000
sb_c,ALL,2025-08-24 13:00:00,20250824,130000,2025-08-24 14:00:00,14,2025-08-24,0.000000000000000,0.000000000000000,NaN,15.000000000000000,900.000000000000000,100.000000000000000,0,0.000000000000000,0.000000000000000
sb_c,L1,2025-08-24 13:15:00,20250824,131500,2025-08-24 14:15:00,14,2025-08-24,0.000000000000000,0.000000000000000,NaN,15.000000000000000,900.000000000000000,100.000000000000000,0,0.000000000000000,0.000000000000000
sb_c,L2,2025-08-24 13:15:00,20250824,131500,2025-08-24 14:15:00,14,2025-08-24,0.000000000000000,0.000000000000000,NaN,15.000000000000000,900.000000000000000,100.000000000000000,0,0.000000000000000,0.000000000000000
sb_c,L3,2025-08-24 13:15:00,20250824,131500,2025-08-24 14:15:00,14,2025-08-24,0.000000000000000,0.000000000000000,NaN,15.000000000000000,900.000000000000000,100.000000000000000,0,0.000000000000000,0.000000000000000
sb_c,ALL,2025-08-24 13:15:00,20250824,131500,2025-08-24 14:15:00,14,2025-08-24,0.000000000000000,0.000000000000000,NaN,15.000000000000000,900.000000000000000,100.000000000000000,0,0.000000000000000,0.000000000000000
sb_c,L1,2025-08-24 13:30:00,20250824,133000,2025-08-24 14:30:00,14,2025-08-24,0.000000000000000,0.000000000000000,NaN,15.000000000000000,900.000000000000000,100.000000000000000,0,0.000000000000000,0.000000000000000
sb_c,L2,2025-08-24 13:30:00,20250824,133000,2025-08-24 14:30:00,14,2025-08-24,0.000000000000000,0.000000000000000,NaN,15.000000000000000,900.000000000000000,100.000000000000000,0,0.000000000000000,0.000000000000000
sb_c,L3,2025-08-24 13:30:00,20250824,133000,2025-08-24 14:30:00,14,2025-08-24,0.000000000000000,0.000000000000000,NaN,15.000000000000000,900.000000000000000,100.000000000000000,0,0.000000000000000,0.000000000000000
sb_c,ALL,2025-08-24 13:30:00,20250824,133000,2025-08-24 14:30:00,14,2025-08-24,0.000000000000000,0.000000000000000,NaN,15.000000000000000,900.000000000000000,100.000000000000000,0,0.000000000000000,0.000000000000000
sb_c,L1,2025-08-24 13:45:00,20250824,134500,2025-08-24 14:45:00,14,2025-08-24,0.000000000000000,0.000000000000000,NaN,15.000000000000000,900.000000000000000,100.000000000000000,0,0.000000000000000,0.000000000000000
sb_c,L2,2025-08-24 13:45:00,20250824,134500,2025-08-24 14:45:00,14,2025-08-24,0.000000000000000,0.000000000000000,NaN,15.000000000000000,900.000000000000000,100.000000000000000,0,0.000000000000000,0.000000000000000
sb_c,L3,2025-08-24 13:45:00,20250824,134500,2025-08-24 14:45:00,14,2025-08-24,0.000000000000000,0.000000000000000,NaN,15.000000000000000,900.000000000000000,100.000000000000000,0,0.000000000000000,0.000000000000000
sb_c,ALL,2025-08-24 13:45:00,20250824,134500,2025-08-24 14:45:00,14,2025-08-24,0.000000000000000,0.000000000000000,NaN,15.000000000000000,900.000000000000000,100.000000000000000,0,0.000000000000000,0.000000000000000
sb_c,L1,2025-08-24 14:00:00,20250824,140000,2025-08-24 15:00:00,15,2025-08-24,0.000000000000000,0.000000000000000,NaN,15.000000000000000,900.000000000000000,100.000000000000000,0,0.000000000000000,0.000000000000000
sb_c,L2,2025-08-24 14:00:00,20250824,140000,2025-08-24 15:00:00,15,2025-08-24,0.000000000000000,0.000000000000000,NaN,15.000000000000000,900.000000000000000,100.000000000000000,0,0.000000000000000,0.000000000000000
sb_c,L3,2025-08-24 14:00:00,20250824,140000,2025-08-24 15:00:00,15,2025-08-24,0.000000000000000,0.000000000000000,NaN,15.000000000000000,900.000000000000000,100.000000000000000,0,0.000000000000000,0.000000000000000
sb_c,ALL,2025-08-24 14:00:00,20250824,140000,2025-08-24 15:00:00,15,2025-08-24,0.000000000000000,0.000000000000000,NaN,15.000000000000000,900.000000000000000,100.000000000000000,0,0.000000000000000,0.000000000000000
sb_c,L1,2025-08-24 14:15:00,20250824,141500,2025-08-24 15:15:00,15,2025-08-24,0.000000000000000,0.000000000000000,NaN,15.000000000000000,900.000000000000000,100.000000000000000,0,0.000000000000000,0.000000000000000
sb_c,L2,2025-08-24 14:15:00,20250824,141500,2025-08-24 15:15:00,15,2025-08-24,0.000000000000000,0.000000000000000,NaN,15.000000000000000,900.000000000000000,100.000000000000000,0,0.000000000000000,0.000000000000000
sb_c,L3,2025-08-24 14:15:00,20250824,141500,2025-08-24 15:15:00,15,2025-08-24,0.000000000000000,0.000000000000000,NaN,15.000000000000000,900.000000000000000,100.000000000000000,0,0.000000000000000,0.000000000000000
sb_c,ALL,2025-08-24 14:15:00,20250824,141500,2025-08-24 15:15:00,15,2025-08-24,0.000000000000000,0.000000000000000,NaN,15.000000000000000,900.000000000000000,100.000000000000000,0,0.000000000000000,0.000000000000000
sb_c,L1,2025-08-24 14:30:00,20250824,143000,2025-08-24 15:30:00,15,2025-08-24,0.000000000000000,0.000000000000000,NaN,15.000000000000000,900.000000000000000,100.000000000000000,0,0.000000000000000,0.000000000000000
sb_c,L2,2025-08-24 14:30:00,20250824,143000,2025-08-24 15:30:00,15,2025-08-24,0.000000000000000,0.000000000000000,NaN,15.000000000000000,900.000000000000000,100.000000000000000,0,0.000000000000000,0.000000000000000
sb_c,L3,2025-08-24 14:30:00,20250824,143000,2025-08-24 15:30:00,15,2025-08-24,0.000000000000000,0.000000000000000,NaN,15.000000000000000,900.000000000000000,100.000000000000000,0,0.000000000000000,0.000000000000000
sb_c,ALL,2025-08-24 14:30:00,20250824,143000,2025-08-24 15:30:00,15,2025-08-24,0.000000000000000,0.000000000000000,NaN,15.000000000000000,900.000000000000000,100.000000000000000,0,0.000000000000000,0.000000000000000
sb_c,L1,2025-08-24 14:45:00,20250824,144500,2025-08-24 15:45:00,15,2025-08-24,0.000000000000000,0.000000000000000,NaN,15.000000000000000,900.000000000000000,100.000000000000000,0,0.000000000000000,0.000000000000000
sb_c,L2,2025-08-24 14:45:00,20250824,144500,2025-08-24 15:45:00,15,2025-08-24,0.000000000000000,0.000000000000000,NaN,15.000000000000000,900.000000000000000,100.000000000000000,0,0.000000000000000,0.000000000000000
sb_c,L3,2025-08-24 14:45:00,20250824,144500,2025-08-24 15:45:00,15,2025-08-24,0.000000000000000,0.000000000000000,NaN,15.000000000000000,900.000000000000000,100.000000000000000,0,0.000000000000000,0.000000000000000
sb_c,ALL,2025-08-24 14:45:00,20250824,144500,2025-08-24 15:45:00,15,2025-08-24,0.000000000000000,0.000000000000000,NaN,15.000000000000000,900.000000000000000,100.000000000000000,0,0.000000000000000,0.000000000000000
sb_c,L1,2025-08-24 15:00:00,20250824,150000,2025-08-24 16:00:00,16,2025-08-24,0.000000000000000,0.000000000000000,NaN,15.000000000000000,900.000000000000000,100.000000000000000,0,0.000000000000000,0.000000000000000
sb_c,L2,2025-08-24 15:00:00,20250824,150000,2025-08-24 16:00:00,16,2025-08-24,0.000000000000000,0.000000000000000,NaN,15.000000000000000,900.000000000000000,100.000000000000000,0,0.000000000000000,0.000000000000000
sb_c,L3,2025-08-24 15:00:00,20250824,150000,2025-08-24 16:00:00,16,2025-08-24,0.000000000000000,0.000000000000000,NaN,15.000000000000000,900.000000000000000,100.000000000000000,0,0.000000000000000,0.000000000000000
sb_c,ALL,2025-08-24 15:00:00,20250824,150000,2025-08-24 16:00:00,16,2025-08-24,0.000000000000000,0.000000000000000,NaN,15.000000000000000,900.000000000000000,100.000000000000000,0,0.000000000000000,0.000000000000000
sb_c,L1,2025-08-24 15:15:00,20250824,151500,2025-08-24 16:15:00,16,2025-08-24,0.000000000000000,0.000000000000000,NaN,15.000000000000000,900.000000000000000,100.000000000000000,0,0.000000000000000,0.000000000000000
sb_c,L2,2025-08-24 15:15:00,20250824,151500,2025-08-24 16:15:00,16,2025-08-24,0.000000000000000,0.000000000000000,NaN,15.000000000000000,900.000000000000000,100.000000000000000,0,0.000000000000000,0.000000000000000
sb_c,L3,2025-08-24 15:15:00,20250824,151500,2025-08-24 16:15:00,16,2025-08-24,0.000000000000000,0.000000000000000,NaN,15.000000000000000,900.000000000000000,100.000000000000000,0,0.000000000000000,0.000000000000000
sb_c,ALL,2025-08-24 15:15:00,20250824,151500,2025-08-24 16:15:00,16,2025-08-24,0.000000000000000,0.000000000000000,NaN,15.000000000000000,900.000000000000000,100.000000000000000,0,0.000000000000000,0.000000000000000
sb_c,L1,2025-08-24 15:30:00,20250824,153000,2025-08-24 16:30:00,16,2025-08-24,0.000000000000000,0.000000000000000,NaN,15.000000000000000,900.000000000000000,100.000000000000000,0,0.000000000000000,0.000000000000000
sb_c,L2,2025-08-24 15:30:00,20250824,153000,2025-08-24 16:30:00,16,2025-08-24,0.000000000000000,0.000000000000000,NaN,15.000000000000000,900.000000000000000,100.000000000000000,0,0.000000000000000,0.000000000000000
sb_c,L3,2025-08-24 15:30:00,20250824,153000,2025-08-24 16:30:00,16,2025-08-24,0.000000000000000,0.000000000000000,NaN,15.000000000000000,900.000000000000000,100.000000000000000,0,0.000000000000000,0.000000000000000
sb_c,ALL,2025-08-24 15:30:00,20250824,153000,2025-08-24 16:30:00,16,2025-08-24,0.000000000000000,0.000000000000000,NaN,15.000000000000000,900.000000000000000,100.000000000000000,0,0.000000000000000,0.000000000000000
sb_c,L1,2025-08-24 15:45:00,20250824,154500,2025-08-24 16:45:00,16,2025-08-24,0.000000000000000,0.000000000000000,NaN,15.000000000000000,900.000000000000000,100.000000000000000,0,0.000000000000000,0.000000000000000
sb_c,L2,2025-08-24 15:45:00,20250824,154500,2025-08-24 16:45:00,16,2025-08-24,0.000000000000000,0.000000000000000,NaN,15.000000000000000,900.000000000000000,100.000000000000000,0,0.000000000000000,0.000000000000000
sb_c,L3,2025-08-24 15:45:00,20250824,154500,2025-08-24 16:45:00,16,2025-08-24,0.000000000000000,0.000000000000000,NaN,15.000000000000000,900.000000000000000,100.000000000000000,0,0.000000000000000,0.000000000000000
sb_c,ALL,2025-08-24 15:45:00,20250824,154500,2025-08-24 16:45:00,16,2025-08-24,0.000000000000000,0.000000000000000,NaN,15.000000000000000,900.000000000000000,100.000000000000000,0,0.000000000000000,0.000000000000000
sb_c,L1,2025-08-24 16:00:00,20250824,160000,2025-08-24 17:00:00,17,2025-08-24,0.000000000000000,0.000000000000000,NaN,15.000000000000000,900.000000000000000,100.000000000000000,0,0.000000000000000,0.000000000000000
sb_c,L2,2025-08-24 16:00:00,20250824,160000,2025-08-24 17:00:00,17,2025-08-24,0.000000000000000,0.000000000000000,NaN,15.000000000000000,900.000000000000000,100.000000000000000,0,0.000000000000000,0.000000000000000
sb_c,L3,2025-08-24 16:00:00,20250824,160000,2025-08-24 17:00:00,17,2025-08-24,0.000000000000000,0.000000000000000,NaN,15.000000000000000,900.000000000000000,100.000000000000000,0,0.000000000000000,0.000000000000000
sb_c,ALL,2025-08-24 16:00:00,20250824,160000,2025-08-24 17:00:00,17,2025-08-24,0.000000000000000,0.000000000000000,NaN,15.000000000000000,900.000000000000000,100.000000000000000,0,0.000000000000000,0.000000000000000
sb_c,L1,2025-08-24 16:15:00,20250824,161500,2025-08-24 17:15:00,17,2025-08-24,0.000000000000000,0.000000000000000,NaN,15.000000000000000,900.000000000000000,100.000000000000000,0,0.000000000000000,0.000000000000000
sb_c,L2,2025-08-24 16:15:00,20250824,161500,2025-08-24 17:15:00,17,2025-08-24,0.000000000000000,0.000000000000000,NaN,15.000000000000000,900.000000000000000,100.000000000000000,0,0.000000000000000,0.000000000000000
sb_c,L3,2025-08-24 16:15:00,20250824,161500,2025-08-24 17:15:00,17,2025-08-24,0.000000000000000,0.000000000000000,NaN,15.000000000000000,900.000000000000000,100.000000000000000,0,0.000000000000000,0.000000000000000
sb_c,ALL,2025-08-24 16:15:00,20250824,161500,2025-08-24 17:15:00,17,2025-08-24,0.000000000000000,0.000000000000000,NaN,15.000000000000000,900.000000000000000,100.000000000000000,0,0.000000000000000,0.000000000000000
sb_c,L1,2025-08-24 16:30:00,20250824,163000,2025-08-24 17:30:00,17,2025-08-24,0.000000000000000,0.000000000000000,NaN,15.000000000000000,900.000000000000000,100.000000000000000,0,0.000000000000000,0.000000000000000
sb_c,L2,2025-08-24 16:30:00,20250824,163000,2025-08-24 17:30:00,17,2025-08-24,0.000000000000000,0.000000000000000,NaN,15.000000000000000,900.000000000000000,100.000000000000000,0,0.000000000000000,0.000000000000000
sb_c,L3,2025-08-24 16:30:00,20250824,163000,2025-08-24 17:30:00,17,2025-08-24,0.000000000000000,0.000000000000000,NaN,15.000000000000000,900.000000000000000,100.000000000000000,0,0.000000000000000,0.000000000000000
sb_c,ALL,2025-08-24 16:30:00,20250824,163000,2025-08-24 17:30:00,17,2025-08-24,0.000000000000000,0.000000000000000,NaN,15.000000000000000,900.000000000000000,100.000000000000000,0,0.000000000000000,0.000000000000000
sb_c,L1,2025-08-24 16:45:00,20250824,164500,2025-08-24 17:45:00,17,2025-08-24,0.000000000000000,0.000000000000000,NaN,15.000000000000000,900.000000000000000,100.000000000000000,0,0.000000000000000,0.000000000000000
sb_c,L2,2025-08-24 16:45:00,20250824,164500,2025-08-24 17:45:00,17,2025-08-24,0.000000000000000,0.000000000000000,NaN,15.000000000000000,900.000000000000000,100.000000000000000,0,0.000000000000000,0.000000000000000
sb_c,L3,2025-08-24 16:45:00,20250824,164500,2025-08-24 17:45:00,17,2025-08-24,0.000000000000000,0.000000000000000,NaN,15.000000000000000,900.000000000000000,100.000000000000000,0,0.000000000000000,0.000000000000000
sb_c,ALL,2025-08-24 16:45:00,20250824,164500,2025-08-24 17:45:00,17,2025-08-24,0.000000000000000,0.000000000000000,NaN,15.000000000000000,900.000000000000000,100.000000000000000,0,0.000000000000000,0.000000000000000
sb_c,L1,2025-08-24 17:00:00,20250824,170000,2025-08-24 18:00:00,18,2025-08-24,0.000001300000000,0.000005200000000,0.000780000000000,15.000000000000000,900.000000000000000,100.000000000000000,0,6.000000000000000,0.666666666666667
sb_c,L2,2025-08-24 17:00:00,20250824,170000,2025-08-24 18:00:00,18,2025-08-24,0.000001333333333,0.000005333333333,0.000800000000000,15.000000000000000,900.000000000000000,100.000000000000000,0,6.000000000000000,0.666666666666667
sb_c,L3,2025-08-24 17:00:00,20250824,170000,2025-08-24 18:00:00,18,2025-08-24,0.000000716666667,0.000002866666667,0.000430000000000,15.000000000000000,900.000000000000000,100.000000000000000,0,6.000000000000000,0.666666666666667
sb_c,ALL,2025-08-24 17:00:00,20250824,170000,2025-08-24 18:00:00,18,2025-08-24,0.000003350000000,0.000013400000000,0.000670000000000,15.000000000000000,900.000000000000000,100.000000000000000,0,18.000000000000000,2.000000000000000
sb_c,L1,2025-08-24 17:15:00,20250824,171500,2025-08-24 18:15:00,18,2025-08-24,0.000000000000000,0.000000000000000,NaN,15.000000000000000,900.000000000000000,100.000000000000000,0,0.000000000000000,0.000000000000000
sb_c,L2,2025-08-24 17:15:00,20250824,171500,2025-08-24 18:15:00,18,2025-08-24,0.000000000000000,0.000000000000000,NaN,15.000000000000000,900.000000000000000,100.000000000000000,0,0.000000000000000,0.000000000000000
sb_c,L3,2025-08-24 17:15:00,20250824,171500,2025-08-24 18:15:00,18,2025-08-24,0.000000000000000,0.000000000000000,NaN,15.000000000000000,900.000000000000000,100.000000000000000,0,0.000000000000000,0.000000000000000
sb_c,ALL,2025-08-24 17:15:00,20250824,171500,2025-08-24 18:15:00,18,2025-08-24,0.000000000000000,0.000000000000000,NaN,15.000000000000000,900.000000000000000,100.000000000000000,0,0.000000000000000,0.000000000000000
sb_c,L1,2025-08-24 17:30:00,20250824,173000,2025-08-24 18:30:00,18,2025-08-24,0.000001316666667,0.000005266666667,0.001580000000000,15.000000000000000,900.000000000000000,100.000000000000000,0,3.000000000000000,0.333333333333333
sb_c,L2,2025-08-24 17:30:00,20250824,173000,2025-08-24 18:30:00,18,2025-08-24,0.000001316666667,0.000005266666667,0.001580000000000,15.000000000000000,900.000000000000000,100.000000000000000,0,3.000000000000000,0.333333333333333
sb_c,L3,2025-08-24 17:30:00,20250824,173000,2025-08-24 18:30:00,18,2025-08-24,0.000001000000000,0.000004000000000,0.001200000000000,15.000000000000000,900.000000000000000,100.000000000000000,0,3.000000000000000,0.333333333333333
sb_c,ALL,2025-08-24 17:30:00,20250824,173000,2025-08-24 18:30:00,18,2025-08-24,0.000003633333333,0.000014533333333,0.001453333333333,15.000000000000000,900.000000000000000,100.000000000000000,0,9.000000000000000,1.000000000000000
sb_c,L1,2025-08-24 17:45:00,20250824,174500,2025-08-24 18:45:00,18,2025-08-24,0.000000000000000,0.000000000000000,NaN,15.000000000000000,900.000000000000000,100.000000000000000,0,0.000000000000000,0.000000000000000
sb_c,L2,2025-08-24 17:45:00,20250824,174500,2025-08-24 18:45:00,18,2025-08-24,0.000000000000000,0.000000000000000,NaN,15.000000000000000,900.000000000000000,100.000000000000000,0,0.000000000000000,0.000000000000000
sb_c,L3,2025-08-24 17:45:00,20250824,174500,2025-08-24 18:45:00,18,2025-08-24,0.000000000000000,0.000000000000000,NaN,15.000000000000000,900.000000000000000,100.000000000000000,0,0.000000000000000,0.000000000000000
sb_c,ALL,2025-08-24 17:45:00,20250824,174500,2025-08-24 18:45:00,18,2025-08-24,0.000000000000000,0.000000000000000,NaN,15.000000000000000,900.000000000000000,100.000000000000000,0,0.000000000000000,0.000000000000000
sb_c,L1,2025-08-24 18:00:00,20250824,180000,2025-08-24 19:00:00,19,2025-08-24,0.000000000000000,0.000000000000000,NaN,15.000000000000000,900.000000000000000,100.000000000000000,0,0.000000000000000,0.000000000000000
sb_c,L2,2025-08-24 18:00:00,20250824,180000,2025-08-24 19:00:00,19,2025-08-24,0.000000000000000,0.000000000000000,NaN,15.000000000000000,900.000000000000000,100.000000000000000,0,0.000000000000000,0.000000000000000
sb_c,L3,2025-08-24 18:00:00,20250824,180000,2025-08-24 19:00:00,19,2025-08-24,0.000000000000000,0.000000000000000,NaN,15.000000000000000,900.000000000000000,100.000000000000000,0,0.000000000000000,0.000000000000000
sb_c,ALL,2025-08-24 18:00:00,20250824,180000,2025-08-24 19:00:00,19,2025-08-24,0.000000000000000,0.000000000000000,NaN,15.000000000000000,900.000000000000000,100.000000000000000,0,0.000000000000000,0.000000000000000
sb_c,L1,2025-08-24 18:15:00,20250824,181500,2025-08-24 19:15:00,19,2025-08-24,0.000000000000000,0.000000000000000,NaN,15.000000000000000,900.000000000000000,100.000000000000000,0,0.000000000000000,0.000000000000000
sb_c,L2,2025-08-24 18:15:00,20250824,181500,2025-08-24 19:15:00,19,2025-08-24,0.000000000000000,0.000000000000000,NaN,15.000000000000000,900.000000000000000,100.000000000000000,0,0.000000000000000,0.000000000000000
sb_c,L3,2025-08-24 18:15:00,20250824,181500,2025-08-24 19:15:00,19,2025-08-24,0.000000000000000,0.000000000000000,NaN,15.000000000000000,900.000000000000000,100.000000000000000,0,0.000000000000000,0.000000000000000
sb_c,ALL,2025-08-24 18:15:00,20250824,181500,2025-08-24 19:15:00,19,2025-08-24,0.000000000000000,0.000000000000000,NaN,15.000000000000000,900.000000000000000,100.000000000000000,0,0.000000000000000,0.000000000000000
sb_c,L1,2025-08-24 18:30:00,20250824,183000,2025-08-24 19:30:00,19,2025-08-24,0.000000000000000,0.000000000000000,NaN,15.000000000000000,900.000000000000000,100.000000000000000,0,0.000000000000000,0.000000000000000
sb_c,L2,2025-08-24 18:30:00,20250824,183000,2025-08-24 19:30:00,19,2025-08-24,0.000000000000000,0.000000000000000,NaN,15.000000000000000,900.000000000000000,100.000000000000000,0,0.000000000000000,0.000000000000000
sb_c,L3,2025-08-24 18:30:00,20250824,183000,2025-08-24 19:30:00,19,2025-08-24,0.000000000000000,0.000000000000000,NaN,15.000000000000000,900.000000000000000,100.000000000000000,0,0.000000000000000,0.000000000000000
sb_c,ALL,2025-08-24 18:30:00,20250824,183000,2025-08-24 19:30:00,19,2025-08-24,0.000000000000000,0.000000000000000,NaN,15.000000000000000,900.000000000000000,100.000000000000000,0,0.000000000000000,0.000000000000000
sb_c,L1,2025-08-24 18:45:00,20250824,184500,2025-08-24 19:45:00,19,2025-08-24,0.000000000000000,0.000000000000000,NaN,15.000000000000000,900.000000000000000,100.000000000000000,0,0.000000000000000,0.000000000000000
sb_c,L2,2025-08-24 18:45:00,20250824,184500,2025-08-24 19:45:00,19,2025-08-24,0.000000000000000,0.000000000000000,NaN,15.000000000000000,900.000000000000000,100.000000000000000,0,0.000000000000000,0.000000000000000
sb_c,L3,2025-08-24 18:45:00,20250824,184500,2025-08-24 19:45:00,19,2025-08-24,0.000000000000000,0.000000000000000,NaN,15.000000000000000,900.000000000000000,100.000000000000000,0,0.000000000000000,0.000000000000000
sb_c,ALL,2025-08-24 18:45:00,20250824,184500,2025-08-24 19:45:00,19,2025-08-24,0.000000000000000,0.000000000000000,NaN,15.000000000000000,900.000000000000000,100.000000000000000,0,0.000000000000000,0.000000000000000
sb_c,L1,2025-08-24 19:00:00,20250824,190000,2025-08-24 20:00:00,20,2025-08-24,0.000008744444444,0.000034977777778,0.000158190954774,15.000000000000000,900.000000000000000,100.000000000000000,0,199.000000000000000,22.111111111111111
sb_c,L2,2025-08-24 19:00:00,20250824,190000,2025-08-24 20:00:00,20,2025-08-24,0.000008650000000,0.000034600000000,0.000156482412060,15.000000000000000,900.000000000000000,100.000000000000000,0,199.000000000000000,22.111111111111111
sb_c,L3,2025-08-24 19:00:00,20250824,190000,2025-08-24 20:00:00,20,2025-08-24,0.000000116666667,0.000000466666667,0.000042000000000,15.000000000000000,900.000000000000000,100.000000000000000,0,10.000000000000000,1.111111111111111
sb_c,ALL,2025-08-24 19:00:00,20250824,190000,2025-08-24 20:00:00,20,2025-08-24,0.000017511111111,0.000070044444444,0.000154509803922,15.000000000000000,900.000000000000000,100.000000000000000,0,408.000000000000000,45.333333333333329
sb_c,L1,2025-08-24 19:15:00,20250824,191500,2025-08-24 20:15:00,20,2025-08-24,0.000185827777778,0.000743311111111,0.000743311111111,15.000000000000000,900.000000000000000,100.000000000000000,1,900.000000000000000,100.000000000000000
sb_c,L2,2025-08-24 19:15:00,20250824,191500,2025-08-24 20:15:00,20,2025-08-24,0.000191138888889,0.000764555555556,0.000764555555556,15.000000000000000,900.000000000000000,100.000000000000000,1,900.000000000000000,100.000000000000000
sb_c,L3,2025-08-24 19:15:00,20250824,191500,2025-08-24 20:15:00,20,2025-08-24,0.000102208333333,0.000408833333333,0.000420034246575,15.000000000000000,900.000000000000000,100.000000000000000,1,876.000000000000000,97.333333333333343
sb_c,ALL,2025-08-24 19:15:00,20250824,191500,2025-08-24 20:15:00,20,2025-08-24,0.000479175000000,0.001916700000000,0.000644630044843,15.000000000000000,900.000000000000000,100.000000000000000,1,900.000000000000000,100.000000000000000
sb_c,L1,2025-08-24 19:30:00,20250824,193000,2025-08-24 20:30:00,20,2025-08-24,0.000336475000000,0.001345900000000,0.001345900000000,15.000000000000000,900.000000000000000,100.000000000000000,1,900.000000000000000,100.000000000000000
sb_c,L2,2025-08-24 19:30:00,20250824,193000,2025-08-24 20:30:00,20,2025-08-24,0.000337850000000,0.001351400000000,0.001351400000000,15.000000000000000,900.000000000000000,100.000000000000000,1,900.000000000000000,100.000000000000000
sb_c,L3,2025-08-24 19:30:00,20250824,193000,2025-08-24 20:30:00,20,2025-08-24,0.000249027777778,0.000996111111111,0.000996111111111,15.000000000000000,900.000000000000000,100.000000000000000,1,900.000000000000000,100.000000000000000
sb_c,ALL,2025-08-24 19:30:00,20250824,193000,2025-08-24 20:30:00,20,2025-08-24,0.000923352777778,0.003693411111111,0.001231137037037,15.000000000000000,900.000000000000000,100.000000000000000,1,900.000000000000000,100.000000000000000
sb_c,L1,2025-08-24 19:45:00,20250824,194500,2025-08-24 20:45:00,20,2025-08-24,0.000453252777778,0.001813011111111,0.001813011111111,15.000000000000000,900.000000000000000,100.000000000000000,1,900.000000000000000,100.000000000000000
sb_c,L2,2025-08-24 19:45:00,20250824,194500,2025-08-24 20:45:00,20,2025-08-24,0.000458744444444,0.001834977777778,0.001834977777778,15.000000000000000,900.000000000000000,100.000000000000000,1,900.000000000000000,100.000000000000000
sb_c,L3,2025-08-24 19:45:00,20250824,194500,2025-08-24 20:45:00,20,2025-08-24,0.000368052777778,0.001472211111111,0.001472211111111,15.000000000000000,900.000000000000000,100.000000000000000,1,900.000000000000000,100.000000000000000
sb_c,ALL,2025-08-24 19:45:00,20250824,194500,2025-08-24 20:45:00,20,2025-08-24,0.001280050000000,0.005120200000000,0.001706733333333,15.000000000000000,900.000000000000000,100.000000000000000,1,900.000000000000000,100.000000000000000
sb_c,L1,2025-08-24 20:00:00,20250824,200000,2025-08-24 21:00:00,21,2025-08-24,0.000469355555556,0.001877422222222,0.001877422222222,15.000000000000000,900.000000000000000,100.000000000000000,1,900.000000000000000,100.000000000000000
sb_c,L2,2025-08-24 20:00:00,20250824,200000,2025-08-24 21:00:00,21,2025-08-24,0.000472750000000,0.001891000000000,0.001891000000000,15.000000000000000,900.000000000000000,100.000000000000000,1,900.000000000000000,100.000000000000000
sb_c,L3,2025-08-24 20:00:00,20250824,200000,2025-08-24 21:00:00,21,2025-08-24,0.000385491666667,0.001541966666667,0.001541966666667,15.000000000000000,900.000000000000000,100.000000000000000,1,900.000000000000000,100.000000000000000
sb_c,ALL,2025-08-24 20:00:00,20250824,200000,2025-08-24 21:00:00,21,2025-08-24,0.001327597222222,0.005310388888889,0.001770129629630,15.000000000000000,900.000000000000000,100.000000000000000,1,900.000000000000000,100.000000000000000
sb_c,L1,2025-08-24 20:15:00,20250824,201500,2025-08-24 21:15:00,21,2025-08-24,0.000463261111111,0.001853044444444,0.001853044444444,15.000000000000000,900.000000000000000,100.000000000000000,1,900.000000000000000,100.000000000000000
sb_c,L2,2025-08-24 20:15:00,20250824,201500,2025-08-24 21:15:00,21,2025-08-24,0.000467536111111,0.001870144444444,0.001870144444444,15.000000000000000,900.000000000000000,100.000000000000000,1,900.000000000000000,100.000000000000000
sb_c,L3,2025-08-24 20:15:00,20250824,201500,2025-08-24 21:15:00,21,2025-08-24,0.000378702777778,0.001514811111111,0.001514811111111,15.000000000000000,900.000000000000000,100.000000000000000,1,900.000000000000000,100.000000000000000
sb_c,ALL,2025-08-24 20:15:00,20250824,201500,2025-08-24 21:15:00,21,2025-08-24,0.001309500000000,0.005238000000000,0.001746000000000,15.000000000000000,900.000000000000000,100.000000000000000,1,900.000000000000000,100.000000000000000
sb_c,L1,2025-08-24 20:30:00,20250824,203000,2025-08-24 21:30:00,21,2025-08-24,0.000464863888889,0.001859455555556,0.001859455555556,15.000000000000000,900.000000000000000,100.000000000000000,1,900.000000000000000,100.000000000000000
sb_c,L2,2025-08-24 20:30:00,20250824,203000,2025-08-24 21:30:00,21,2025-08-24,0.000467333333333,0.001869333333333,0.001869333333333,15.000000000000000,900.000000000000000,100.000000000000000,1,900.000000000000000,100.000000000000000
sb_c,L3,2025-08-24 20:30:00,20250824,203000,2025-08-24 21:30:00,21,2025-08-24,0.000377300000000,0.001509200000000,0.001509200000000,15.000000000000000,900.000000000000000,100.000000000000000,1,900.000000000000000,100.000000000000000
sb_c,ALL,2025-08-24 20:30:00,20250824,203000,2025-08-24 21:30:00,21,2025-08-24,0.001309497222222,0.005237988888889,0.001745996296296,15.000000000000000,900.000000000000000,100.000000000000000,1,900.000000000000000,100.000000000000000
sb_c,L1,2025-08-24 20:45:00,20250824,204500,2025-08-24 21:45:00,21,2025-08-24,0.000465672222222,0.001862688888889,0.001862688888889,15.000000000000000,900.000000000000000,100.000000000000000,1,900.000000000000000,100.000000000000000
sb_c,L2,2025-08-24 20:45:00,20250824,204500,2025-08-24 21:45:00,21,2025-08-24,0.000466188888889,0.001864755555556,0.001864755555556,15.000000000000000,900.000000000000000,100.000000000000000,1,900.000000000000000,100.000000000000000
sb_c,L3,2025-08-24 20:45:00,20250824,204500,2025-08-24 21:45:00,21,2025-08-24,0.000377944444444,0.001511777777778,0.001511777777778,15.000000000000000,900.000000000000000,100.000000000000000,1,900.000000000000000,100.000000000000000
sb_c,ALL,2025-08-24 20:45:00,20250824,204500,2025-08-24 21:45:00,21,2025-08-24,0.001309805555556,0.005239222222222,0.001746407407407,15.000000000000000,900.000000000000000,100.000000000000000,1,900.000000000000000,100.000000000000000
sb_c,L1,2025-08-24 21:00:00,20250824,210000,2025-08-24 22:00:00,22,2025-08-24,0.000468413888889,0.001873655555556,0.001873655555556,15.000000000000000,900.000000000000000,100.000000000000000,1,900.000000000000000,100.000000000000000
sb_c,L2,2025-08-24 21:00:00,20250824,210000,2025-08-24 22:00:00,22,2025-08-24,0.000465119444444,0.001860477777778,0.001860477777778,15.000000000000000,900.000000000000000,100.000000000000000,1,900.000000000000000,100.000000000000000
sb_c,L3,2025-08-24 21:00:00,20250824,210000,2025-08-24 22:00:00,22,2025-08-24,0.000376530555556,0.001506122222222,0.001506122222222,15.000000000000000,900.000000000000000,100.000000000000000,1,900.000000000000000,100.000000000000000
sb_c,ALL,2025-08-24 21:00:00,20250824,210000,2025-08-24 22:00:00,22,2025-08-24,0.001310063888889,0.005240255555556,0.001746751851852,15.000000000000000,900.000000000000000,100.000000000000000,1,900.000000000000000,100.000000000000000
sb_c,L1,2025-08-24 21:15:00,20250824,211500,2025-08-24 22:15:00,22,2025-08-24,0.000466944444444,0.001867777777778,0.001867777777778,15.000000000000000,900.000000000000000,100.000000000000000,1,900.000000000000000,100.000000000000000
sb_c,L2,2025-08-24 21:15:00,20250824,211500,2025-08-24 22:15:00,22,2025-08-24,0.000470272222222,0.001881088888889,0.001881088888889,15.000000000000000,900.000000000000000,100.000000000000000,1,900.000000000000000,100.000000000000000
sb_c,L3,2025-08-24 21:15:00,20250824,211500,2025-08-24 22:15:00,22,2025-08-24,0.000373347222222,0.001493388888889,0.001493388888889,15.000000000000000,900.000000000000000,100.000000000000000,1,900.000000000000000,100.000000000000000
sb_c,ALL,2025-08-24 21:15:00,20250824,211500,2025-08-24 22:15:00,22,2025-08-24,0.001310563888889,0.005242255555556,0.001747418518519,15.000000000000000,900.000000000000000,100.000000000000000,1,900.000000000000000,100.000000000000000
sb_c,L1,2025-08-24 21:30:00,20250824,213000,2025-08-24 22:30:00,22,2025-08-24,0.000467177777778,0.001868711111111,0.001868711111111,15.000000000000000,900.000000000000000,100.000000000000000,1,900.000000000000000,100.000000000000000
sb_c,L2,2025-08-24 21:30:00,20250824,213000,2025-08-24 22:30:00,22,2025-08-24,0.000470802777778,0.001883211111111,0.001883211111111,15.000000000000000,900.000000000000000,100.000000000000000,1,900.000000000000000,100.000000000000000
sb_c,L3,2025-08-24 21:30:00,20250824,213000,2025-08-24 22:30:00,22,2025-08-24,0.000373150000000,0.001492600000000,0.001492600000000,15.000000000000000,900.000000000000000,100.000000000000000,1,900.000000000000000,100.000000000000000
sb_c,ALL,2025-08-24 21:30:00,20250824,213000,2025-08-24 22:30:00,22,2025-08-24,0.001311130555556,0.005244522222222,0.001748174074074,15.000000000000000,900.000000000000000,100.000000000000000,1,900.000000000000000,100.000000000000000
sb_c,L1,2025-08-24 21:45:00,20250824,214500,2025-08-24 22:45:00,22,2025-08-24,0.000465025000000,0.001860100000000,0.001860100000000,15.000000000000000,900.000000000000000,100.000000000000000,1,900.000000000000000,100.000000000000000
sb_c,L2,2025-08-24 21:45:00,20250824,214500,2025-08-24 22:45:00,22,2025-08-24,0.000471591666667,0.001886366666667,0.001886366666667,15.000000000000000,900.000000000000000,100.000000000000000,1,900.000000000000000,100.000000000000000
sb_c,L3,2025-08-24 21:45:00,20250824,214500,2025-08-24 22:45:00,22,2025-08-24,0.000373816666667,0.001495266666667,0.001495266666667,15.000000000000000,900.000000000000000,100.000000000000000,1,900.000000000000000,100.000000000000000
sb_c,ALL,2025-08-24 21:45:00,20250824,214500,2025-08-24 22:45:00,22,2025-08-24,0.001310433333333,0.005241733333333,0.001747244444444,15.000000000000000,900.000000000000000,100.000000000000000,1,900.000000000000000,100.000000000000000
sb_c,L1,2025-08-24 22:00:00,20250824,220000,2025-08-24 23:00:00,23,2025-08-24,0.000468141666667,0.001872566666667,0.001872566666667,15.000000000000000,900.000000000000000,100.000000000000000,1,900.000000000000000,100.000000000000000
sb_c,L2,2025-08-24 22:00:00,20250824,220000,2025-08-24 23:00:00,23,2025-08-24,0.000469402777778,0.001877611111111,0.001877611111111,15.000000000000000,900.000000000000000,100.000000000000000,1,900.000000000000000,100.000000000000000
sb_c,L3,2025-08-24 22:00:00,20250824,220000,2025-08-24 23:00:00,23,2025-08-24,0.000371991666667,0.001487966666667,0.001487966666667,15.000000000000000,900.000000000000000,100.000000000000000,1,900.000000000000000,100.000000000000000
sb_c,ALL,2025-08-24 22:00:00,20250824,220000,2025-08-24 23:00:00,23,2025-08-24,0.001309536111111,0.005238144444444,0.001746048148148,15.000000000000000,900.000000000000000,100.000000000000000,1,900.000000000000000,100.000000000000000
sb_c,L1,2025-08-24 22:15:00,20250824,221500,2025-08-24 23:15:00,23,2025-08-24,0.000469416666667,0.001877666666667,0.001877666666667,15.000000000000000,900.000000000000000,100.000000000000000,1,900.000000000000000,100.000000000000000
sb_c,L2,2025-08-24 22:15:00,20250824,221500,2025-08-24 23:15:00,23,2025-08-24,0.000469947222222,0.001879788888889,0.001879788888889,15.000000000000000,900.000000000000000,100.000000000000000,1,900.000000000000000,100.000000000000000
sb_c,L3,2025-08-24 22:15:00,20250824,221500,2025-08-24 23:15:00,23,2025-08-24,0.000371066666667,0.001484266666667,0.001484266666667,15.000000000000000,900.000000000000000,100.000000000000000,1,900.000000000000000,100.000000000000000
sb_c,ALL,2025-08-24 22:15:00,20250824,221500,2025-08-24 23:15:00,23,2025-08-24,0.001310430555556,0.005241722222222,0.001747240740741,15.000000000000000,900.000000000000000,100.000000000000000,1,900.000000000000000,100.000000000000000
sb_c,L1,2025-08-24 22:30:00,20250824,223000,2025-08-24 23:30:00,23,2025-08-24,0.000471450000000,0.001885800000000,0.001885800000000,15.000000000000000,900.000000000000000,100.000000000000000,1,900.000000000000000,100.000000000000000
sb_c,L2,2025-08-24 22:30:00,20250824,223000,2025-08-24 23:30:00,23,2025-08-24,0.000468338888889,0.001873355555556,0.001873355555556,15.000000000000000,900.000000000000000,100.000000000000000,1,900.000000000000000,100.000000000000000
sb_c,L3,2025-08-24 22:30:00,20250824,223000,2025-08-24 23:30:00,23,2025-08-24,0.000371097222222,0.001484388888889,0.001484388888889,15.000000000000000,900.000000000000000,100.000000000000000,1,900.000000000000000,100.000000000000000
sb_c,ALL,2025-08-24 22:30:00,20250824,223000,2025-08-24 23:30:00,23,2025-08-24,0.001310886111111,0.005243544444444,0.001747848148148,15.000000000000000,900.000000000000000,100.000000000000000,1,900.000000000000000,100.000000000000000
sb_c,L1,2025-08-24 22:45:00,20250824,224500,2025-08-24 23:45:00,23,2025-08-24,0.000471547222222,0.001886188888889,0.001886188888889,15.000000000000000,900.000000000000000,100.000000000000000,1,900.000000000000000,100.000000000000000
sb_c,L2,2025-08-24 22:45:00,20250824,224500,2025-08-24 23:45:00,23,2025-08-24,0.000468950000000,0.001875800000000,0.001875800000000,15.000000000000000,900.000000000000000,100.000000000000000,1,900.000000000000000,100.000000000000000
sb_c,L3,2025-08-24 22:45:00,20250824,224500,2025-08-24 23:45:00,23,2025-08-24,0.000370255555556,0.001481022222222,0.001481022222222,15.000000000000000,900.000000000000000,100.000000000000000,1,900.000000000000000,100.000000000000000
sb_c,ALL,2025-08-24 22:45:00,20250824,224500,2025-08-24 23:45:00,23,2025-08-24,0.001310752777778,0.005243011111111,0.001747670370370,15.000000000000000,900.000000000000000,100.000000000000000,1,900.000000000000000,100.000000000000000
sb_c,L1,2025-08-24 23:00:00,20250824,230000,2025-08-25 00:00:00,0,2025-08-25,0.000470052777778,0.001880211111111,0.001880211111111,15.000000000000000,900.000000000000000,100.000000000000000,1,900.000000000000000,100.000000000000000
sb_c,L2,2025-08-24 23:00:00,20250824,230000,2025-08-25 00:00:00,0,2025-08-25,0.000465902777778,0.001863611111111,0.001863611111111,15.000000000000000,900.000000000000000,100.000000000000000,1,900.000000000000000,100.000000000000000
sb_c,L3,2025-08-24 23:00:00,20250824,230000,2025-08-25 00:00:00,0,2025-08-25,0.000373025000000,0.001492100000000,0.001492100000000,15.000000000000000,900.000000000000000,100.000000000000000,1,900.000000000000000,100.000000000000000
sb_c,ALL,2025-08-24 23:00:00,20250824,230000,2025-08-25 00:00:00,0,2025-08-25,0.001308980555556,0.005235922222222,0.001745307407407,15.000000000000000,900.000000000000000,100.000000000000000,1,900.000000000000000,100.000000000000000
sb_c,L1,2025-08-24 23:15:00,20250824,231500,2025-08-25 00:15:00,0,2025-08-25,0.000474072222222,0.001896288888889,0.001896288888889,15.000000000000000,900.000000000000000,100.000000000000000,1,900.000000000000000,100.000000000000000
sb_c,L2,2025-08-24 23:15:00,20250824,231500,2025-08-25 00:15:00,0,2025-08-25,0.000461586111111,0.001846344444444,0.001846344444444,15.000000000000000,900.000000000000000,100.000000000000000,1,900.000000000000000,100.000000000000000
sb_c,L3,2025-08-24 23:15:00,20250824,231500,2025-08-25 00:15:00,0,2025-08-25,0.000371697222222,0.001486788888889,0.001486788888889,15.000000000000000,900.000000000000000,100.000000000000000,1,900.000000000000000,100.000000000000000
sb_c,ALL,2025-08-24 23:15:00,20250824,231500,2025-08-25 00:15:00,0,2025-08-25,0.001307355555556,0.005229422222222,0.001743140740741,15.000000000000000,900.000000000000000,100.000000000000000,1,900.000000000000000,100.000000000000000
sb_c,L1,2025-08-24 23:30:00,20250824,233000,2025-08-25 00:30:00,0,2025-08-25,0.000477044444444,0.001908177777778,0.001908177777778,15.000000000000000,900.000000000000000,100.000000000000000,1,900.000000000000000,100.000000000000000
sb_c,L2,2025-08-24 23:30:00,20250824,233000,2025-08-25 00:30:00,0,2025-08-25,0.000461241666667,0.001844966666667,0.001844966666667,15.000000000000000,900.000000000000000,100.000000000000000,1,900.000000000000000,100.000000000000000
sb_c,L3,2025-08-24 23:30:00,20250824,233000,2025-08-25 00:30:00,0,2025-08-25,0.000370375000000,0.001481500000000,0.001481500000000,15.000000000000000,900.000000000000000,100.000000000000000,1,900.000000000000000,100.000000000000000
sb_c,ALL,2025-08-24 23:30:00,20250824,233000,2025-08-25 00:30:00,0,2025-08-25,0.001308661111111,0.005234644444444,0.001744881481481,15.000000000000000,900.000000000000000,100.000000000000000,1,900.000000000000000,100.000000000000000
sb_c,L1,2025-08-24 23:45:00,20250824,234500,2025-08-25 00:45:00,0,2025-08-25,0.000474455555556,0.001897822222222,0.001897822222222,15.000000000000000,900.000000000000000,100.000000000000000,1,900.000000000000000,100.000000000000000
sb_c,L2,2025-08-24 23:45:00,20250824,234500,2025-08-25 00:45:00,0,2025-08-25,0.000464205555556,0.001856822222222,0.001856822222222,15.000000000000000,900.000000000000000,100.000000000000000,1,900.000000000000000,100.000000000000000
sb_c,L3,2025-08-24 23:45:00,20250824,234500,2025-08-25 00:45:00,0,2025-08-25,0.000369836111111,0.001479344444444,0.001479344444444,15.000000000000000,900.000000000000000,100.000000000000000,1,900.000000000000000,100.000000000000000
sb_c,ALL,2025-08-24 23:45:00,20250824,234500,2025-08-25 00:45:00,0,2025-08-25,0.001308497222222,0.005233988888889,0.001744662962963,15.000000000000000,900.000000000000000,100.000000000000000,1,900.000000000000000,100.000000000000000
