AssetId,Phase,window_start_utc,DateKeyUtc,TimeKeyUtc,WindowStartLocal,HourLocal,DateLocal,Energy_kWh_15m,Demand_kW,AvgPower_kW_15m,Minutes,SecondsObserved,DataCoveragePct,IsReliableWindow,SecondsReliable,ReliableCoveragePct
ahu_b,L1,2025-08-31 00:00:00,20250831,0,2025-08-31 01:00:00,1,2025-08-31,0.000000000000000,0.000000000000000,NaN,14.930000000000000,896.000000000000000,99.555555555555557,0,0.000000000000000,0.000000000000000
ahu_b,L2,2025-08-31 00:00:00,20250831,0,2025-08-31 01:00:00,1,2025-08-31,0.000123400000000,0.000493600000000,0.000563756345178,14.930000000000000,896.000000000000000,99.555555555555557,1,788.000000000000000,87.555555555555557
ahu_b,L3,2025-08-31 00:00:00,20250831,0,2025-08-31 01:00:00,1,2025-08-31,0.018714202777778,0.074856811111111,0.075190993303571,14.930000000000000,896.000000000000000,99.555555555555557,1,896.000000000000000,99.555555555555557
ahu_b,ALL,2025-08-31 00:00:00,20250831,0,2025-08-31 01:00:00,1,2025-08-31,0.018837602777778,0.075350411111111,0.040270409738717,15.000000000000000,900.000000000000000,100.000000000000000,1,900.000000000000000,100.000000000000000
ahu_b,L1,2025-08-31 00:15:00,20250831,1500,2025-08-31 01:15:00,1,2025-08-31,0.000000000000000,0.000000000000000,NaN,15.000000000000000,900.000000000000000,100.000000000000000,0,0.000000000000000,0.000000000000000
ahu_b,L2,2025-08-31 00:15:00,20250831,1500,2025-08-31 01:15:00,1,2025-08-31,0.000017233333333,0.000068933333333,0.000456176470588,15.000000000000000,900.000000000000000,100.000000000000000,0,136.000000000000000,15.111111111111111
ahu_b,L3,2025-08-31 00:15:00,20250831,1500,2025-08-31 01:15:00,1,2025-08-31,0.018643427777778,0.074573711111111,0.074573711111111,15.000000000000000,900.000000000000000,100.000000000000000,1,900.000000000000000,100.000000000000000
ahu_b,ALL,2025-08-31 00:15:00,20250831,1500,2025-08-31 01:15:00,1,2025-08-31,0.018660661111111,0.074642644444444,0.064843996138996,15.000000000000000,900.000000000000000,100.000000000000000,1,900.000000000000000,100.000000000000000
ahu_b,L1,2025-08-31 00:30:00,20250831,3000,2025-08-31 01:30:00,1,2025-08-31,0.000000000000000,0.000000000000000,NaN,15.000000000000000,900.000000000000000,100.000000000000000,0,0.000000000000000,0.000000000000000
ahu_b,L2,2025-08-31 00:30:00,20250831,3000,2025-08-31 01:30:00,1,2025-08-31,0.000000800000000,0.000003200000000,0.000046451612903,15.000000000000000,900.000000000000000,100.000000000000000,0,62.000000000000000,6.888888888888889
ahu_b,L3,2025-08-31 00:30:00,20250831,3000,2025-08-31 01:30:00,1,2025-08-31,0.018673808333333,0.074695233333333,0.074695233333333,15.000000000000000,900.000000000000000,100.000000000000000,1,900.000000000000000,100.000000000000000
ahu_b,ALL,2025-08-31 00:30:00,20250831,3000,2025-08-31 01:30:00,1,2025-08-31,0.018674608333333,0.074698433333333,0.069884189189189,15.000000000000000,900.000000000000000,100.000000000000000,1,900.000000000000000,100.000000000000000
ahu_b,L1,2025-08-31 00:45:00,20250831,4500,2025-08-31 01:45:00,1,2025-08-31,0.000000000000000,0.000000000000000,NaN,15.000000000000000,900.000000000000000,100.000000000000000,0,0.000000000000000,0.000000000000000
ahu_b,L2,2025-08-31 00:45:00,20250831,4500,2025-08-31 01:45:00,1,2025-08-31,0.000001522222222,0.000006088888889,0.000105384615385,15.000000000000000,900.000000000000000,100.000000000000000,0,52.000000000000000,5.777777777777778
ahu_b,L3,2025-08-31 00:45:00,20250831,4500,2025-08-31 01:45:00,1,2025-08-31,0.018670327777778,0.074681311111111,0.074681311111111,15.000000000000000,900.000000000000000,100.000000000000000,1,900.000000000000000,100.000000000000000
ahu_b,ALL,2025-08-31 00:45:00,20250831,4500,2025-08-31 01:45:00,1,2025-08-31,0.018671850000000,0.074687400000000,0.070607836134454,15.000000000000000,900.000000000000000,100.000000000000000,1,900.000000000000000,100.000000000000000
ahu_b,L1,2025-08-31 01:00:00,20250831,10000,2025-08-31 02:00:00,2,2025-08-31,0.000000000000000,0.000000000000000,NaN,15.000000000000000,900.000000000000000,100.000000000000000,0,0.000000000000000,0.000000000000000
ahu_b,L2,2025-08-31 01:00:00,20250831,10000,2025-08-31 02:00:00,2,2025-08-31,0.000000000000000,0.000000000000000,NaN,15.000000000000000,900.000000000000000,100.000000000000000,0,0.000000000000000,0.000000000000000
ahu_b,L3,2025-08-31 01:00:00,20250831,10000,2025-08-31 02:00:00,2,2025-08-31,0.018511266666667,0.074045066666667,0.074045066666667,15.000000000000000,900.000000000000000,100.000000000000000,1,900.000000000000000,100.000000000000000
ahu_b,ALL,2025-08-31 01:00:00,20250831,10000,2025-08-31 02:00:00,2,2025-08-31,0.018511266666667,0.074045066666667,0.074045066666667,15.000000000000000,900.000000000000000,100.000000000000000,1,900.000000000000000,100.000000000000000
ahu_b,L1,2025-08-31 01:15:00,20250831,11500,2025-08-31 02:15:00,2,2025-08-31,0.000000000000000,0.000000000000000,NaN,15.000000000000000,900.000000000000000,100.000000000000000,0,0.000000000000000,0.000000000000000
ahu_b,L2,2025-08-31 01:15:00,20250831,11500,2025-08-31 02:15:00,2,2025-08-31,0.000000000000000,0.000000000000000,NaN,15.000000000000000,900.000000000000000,100.000000000000000,0,0.000000000000000,0.000000000000000
ahu_b,L3,2025-08-31 01:15:00,20250831,11500,2025-08-31 02:15:00,2,2025-08-31,0.018580244444444,0.074320977777778,0.074320977777778,15.000000000000000,900.000000000000000,100.000000000000000,1,900.000000000000000,100.000000000000000
ahu_b,ALL,2025-08-31 01:15:00,20250831,11500,2025-08-31 02:15:00,2,2025-08-31,0.018580244444444,0.074320977777778,0.074320977777778,15.000000000000000,900.000000000000000,100.000000000000000,1,900.000000000000000,100.000000000000000
ahu_b,L1,2025-08-31 01:30:00,20250831,13000,2025-08-31 02:30:00,2,2025-08-31,0.000000000000000,0.000000000000000,NaN,15.000000000000000,900.000000000000000,100.000000000000000,0,0.000000000000000,0.000000000000000
ahu_b,L2,2025-08-31 01:30:00,20250831,13000,2025-08-31 02:30:00,2,2025-08-31,0.000000000000000,0.000000000000000,NaN,15.000000000000000,900.000000000000000,100.000000000000000,0,0.000000000000000,0.000000000000000
ahu_b,L3,2025-08-31 01:30:00,20250831,13000,2025-08-31 02:30:00,2,2025-08-31,0.018548655555556,0.074194622222222,0.074194622222222,15.000000000000000,900.000000000000000,100.000000000000000,1,900.000000000000000,100.000000000000000
ahu_b,ALL,2025-08-31 01:30:00,20250831,13000,2025-08-31 02:30:00,2,2025-08-31,0.018548655555556,0.074194622222222,0.074194622222222,15.000000000000000,900.000000000000000,100.000000000000000,1,900.000000000000000,100.000000000000000
ahu_b,L1,2025-08-31 01:45:00,20250831,14500,2025-08-31 02:45:00,2,2025-08-31,0.000000000000000,0.000000000000000,NaN,15.000000000000000,900.000000000000000,100.000000000000000,0,0.000000000000000,0.000000000000000
ahu_b,L2,2025-08-31 01:45:00,20250831,14500,2025-08-31 02:45:00,2,2025-08-31,0.000000000000000,0.000000000000000,NaN,15.000000000000000,900.000000000000000,100.000000000000000,0,0.000000000000000,0.000000000000000
ahu_b,L3,2025-08-31 01:45:00,20250831,14500,2025-08-31 02:45:00,2,2025-08-31,0.018557197222222,0.074228788888889,0.074228788888889,15.000000000000000,900.000000000000000,100.000000000000000,1,900.000000000000000,100.000000000000000
ahu_b,ALL,2025-08-31 01:45:00,20250831,14500,2025-08-31 02:45:00,2,2025-08-31,0.018557197222222,0.074228788888889,0.074228788888889,15.000000000000000,900.000000000000000,100.000000000000000,1,900.000000000000000,100.000000000000000
ahu_b,L1,2025-08-31 02:00:00,20250831,20000,2025-08-31 03:00:00,3,2025-08-31,0.000000000000000,0.000000000000000,NaN,15.000000000000000,900.000000000000000,100.000000000000000,0,0.000000000000000,0.000000000000000
ahu_b,L2,2025-08-31 02:00:00,20250831,20000,2025-08-31 03:00:00,3,2025-08-31,0.000001233333333,0.000004933333333,0.000088800000000,15.000000000000000,900.000000000000000,100.000000000000000,0,50.000000000000000,5.555555555555555
ahu_b,L3,2025-08-31 02:00:00,20250831,20000,2025-08-31 03:00:00,3,2025-08-31,0.018618722222222,0.074474888888889,0.074474888888889,15.000000000000000,900.000000000000000,100.000000000000000,1,900.000000000000000,100.000000000000000
ahu_b,ALL,2025-08-31 02:00:00,20250831,20000,2025-08-31 03:00:00,3,2025-08-31,0.018619955555556,0.074479822222222,0.070559831578947,15.000000000000000,900.000000000000000,100.000000000000000,1,900.000000000000000,100.000000000000000
ahu_b,L1,2025-08-31 02:15:00,20250831,21500,2025-08-31 03:15:00,3,2025-08-31,0.000000000000000,0.000000000000000,NaN,15.000000000000000,900.000000000000000,100.000000000000000,0,0.000000000000000,0.000000000000000
ahu_b,L2,2025-08-31 02:15:00,20250831,21500,2025-08-31 03:15:00,3,2025-08-31,0.000003800000000,0.000015200000000,0.000171000000000,15.000000000000000,900.000000000000000,100.000000000000000,0,80.000000000000000,8.888888888888889
ahu_b,L3,2025-08-31 02:15:00,20250831,21500,2025-08-31 03:15:00,3,2025-08-31,0.018659280555556,0.074637122222222,0.074637122222222,15.000000000000000,900.000000000000000,100.000000000000000,1,900.000000000000000,100.000000000000000
ahu_b,ALL,2025-08-31 02:15:00,20250831,21500,2025-08-31 03:15:00,3,2025-08-31,0.018663080555556,0.074652322222222,0.068558255102041,15.000000000000000,900.000000000000000,100.000000000000000,1,900.000000000000000,100.000000000000000
ahu_b,L1,2025-08-31 02:30:00,20250831,23000,2025-08-31 03:30:00,3,2025-08-31,0.000000000000000,0.000000000000000,NaN,15.000000000000000,900.000000000000000,100.000000000000000,0,0.000000000000000,0.000000000000000
ahu_b,L2,2025-08-31 02:30:00,20250831,23000,2025-08-31 03:30:00,3,2025-08-31,0.000007225000000,0.000028900000000,0.000138351063830,15.000000000000000,900.000000000000000,100.000000000000000,0,188.000000000000000,20.888888888888889
ahu_b,L3,2025-08-31 02:30:00,20250831,23000,2025-08-31 03:30:00,3,2025-08-31,0.018748194444444,0.074992777777778,0.074992777777778,15.000000000000000,900.000000000000000,100.000000000000000,1,900.000000000000000,100.000000000000000
ahu_b,ALL,2025-08-31 02:30:00,20250831,23000,2025-08-31 03:30:00,3,2025-08-31,0.018755419444444,0.075021677777778,0.062058373161765,15.000000000000000,900.000000000000000,100.000000000000000,1,900.000000000000000,100.000000000000000
ahu_b,L1,2025-08-31 02:45:00,20250831,24500,2025-08-31 03:45:00,3,2025-08-31,0.000000000000000,0.000000000000000,NaN,15.000000000000000,900.000000000000000,100.000000000000000,0,0.000000000000000,0.000000000000000
ahu_b,L2,2025-08-31 02:45:00,20250831,24500,2025-08-31 03:45:00,3,2025-08-31,0.000000000000000,0.000000000000000,NaN,15.000000000000000,900.000000000000000,100.000000000000000,0,0.000000000000000,0.000000000000000
ahu_b,L3,2025-08-31 02:45:00,20250831,24500,2025-08-31 03:45:00,3,2025-08-31,0.018669866666667,0.074679466666667,0.074679466666667,15.000000000000000,900.000000000000000,100.000000000000000,1,900.000000000000000,100.000000000000000
ahu_b,ALL,2025-08-31 02:45:00,20250831,24500,2025-08-31 03:45:00,3,2025-08-31,0.018669866666667,0.074679466666667,0.074679466666667,15.000000000000000,900.000000000000000,100.000000000000000,1,900.000000000000000,100.000000000000000
ahu_b,L1,2025-08-31 03:00:00,20250831,30000,2025-08-31 04:00:00,4,2025-08-31,0.000000000000000,0.000000000000000,NaN,15.000000000000000,900.000000000000000,100.000000000000000,0,0.000000000000000,0.000000000000000
ahu_b,L2,2025-08-31 03:00:00,20250831,30000,2025-08-31 04:00:00,4,2025-08-31,0.000000000000000,0.000000000000000,NaN,15.000000000000000,900.000000000000000,100.000000000000000,0,0.000000000000000,0.000000000000000
ahu_b,L3,2025-08-31 03:00:00,20250831,30000,2025-08-31 04:00:00,4,2025-08-31,0.018629911111111,0.074519644444444,0.074519644444444,15.000000000000000,900.000000000000000,100.000000000000000,1,900.000000000000000,100.000000000000000
ahu_b,ALL,2025-08-31 03:00:00,20250831,30000,2025-08-31 04:00:00,4,2025-08-31,0.018629911111111,0.074519644444444,0.074519644444444,15.000000000000000,900.000000000000000,100.000000000000000,1,900.000000000000000,100.000000000000000
ahu_b,L1,2025-08-31 03:15:00,20250831,31500,2025-08-31 04:15:00,4,2025-08-31,0.000000000000000,0.000000000000000,NaN,15.000000000000000,900.000000000000000,100.000000000000000,0,0.000000000000000,0.000000000000000
ahu_b,L2,2025-08-31 03:15:00,20250831,31500,2025-08-31 04:15:00,4,2025-08-31,0.000000000000000,0.000000000000000,NaN,15.000000000000000,900.000000000000000,100.000000000000000,0,0.000000000000000,0.000000000000000
ahu_b,L3,2025-08-31 03:15:00,20250831,31500,2025-08-31 04:15:00,4,2025-08-31,0.018675488888889,0.074701955555556,0.074701955555556,15.000000000000000,900.000000000000000,100.000000000000000,1,900.000000000000000,100.000000000000000
ahu_b,ALL,2025-08-31 03:15:00,20250831,31500,2025-08-31 04:15:00,4,2025-08-31,0.018675488888889,0.074701955555556,0.074701955555556,15.000000000000000,900.000000000000000,100.000000000000000,1,900.000000000000000,100.000000000000000
ahu_b,L1,2025-08-31 03:30:00,20250831,33000,2025-08-31 04:30:00,4,2025-08-31,0.000000000000000,0.000000000000000,NaN,15.000000000000000,900.000000000000000,100.000000000000000,0,0.000000000000000,0.000000000000000
ahu_b,L2,2025-08-31 03:30:00,20250831,33000,2025-08-31 04:30:00,4,2025-08-31,0.000000650000000,0.000002600000000,0.000106363636364,15.000000000000000,900.000000000000000,100.000000000000000,0,22.000000000000000,2.444444444444445
ahu_b,L3,2025-08-31 03:30:00,20250831,33000,2025-08-31 04:30:00,4,2025-08-31,0.018757005555556,0.075028022222222,0.075028022222222,15.000000000000000,900.000000000000000,100.000000000000000,1,900.000000000000000,100.000000000000000
ahu_b,ALL,2025-08-31 03:30:00,20250831,33000,2025-08-31 04:30:00,4,2025-08-31,0.018757655555556,0.075030622222222,0.073240303687636,15.000000000000000,900.000000000000000,100.000000000000000,1,900.000000000000000,100.000000000000000
ahu_b,L1,2025-08-31 03:45:00,20250831,34500,2025-08-31 04:45:00,4,2025-08-31,0.000000000000000,0.000000000000000,NaN,15.000000000000000,900.000000000000000,100.000000000000000,0,0.000000000000000,0.000000000000000
ahu_b,L2,2025-08-31 03:45:00,20250831,34500,2025-08-31 04:45:00,4,2025-08-31,0.000000000000000,0.000000000000000,NaN,15.000000000000000,900.000000000000000,100.000000000000000,0,0.000000000000000,0.000000000000000
ahu_b,L3,2025-08-31 03:45:00,20250831,34500,2025-08-31 04:45:00,4,2025-08-31,0.018688844444444,0.074755377777778,0.074755377777778,15.000000000000000,900.000000000000000,100.000000000000000,1,900.000000000000000,100.000000000000000
ahu_b,ALL,2025-08-31 03:45:00,20250831,34500,2025-08-31 04:45:00,4,2025-08-31,0.018688844444444,0.074755377777778,0.074755377777778,15.000000000000000,900.000000000000000,100.000000000000000,1,900.000000000000000,100.000000000000000
ahu_b,L1,2025-08-31 04:00:00,20250831,40000,2025-08-31 05:00:00,5,2025-08-31,0.000000000000000,0.000000000000000,NaN,15.000000000000000,900.000000000000000,100.000000000000000,0,0.000000000000000,0.000000000000000
ahu_b,L2,2025-08-31 04:00:00,20250831,40000,2025-08-31 05:00:00,5,2025-08-31,0.000005277777778,0.000021111111111,0.000153225806452,15.000000000000000,900.000000000000000,100.000000000000000,0,124.000000000000000,13.777777777777779
ahu_b,L3,2025-08-31 04:00:00,20250831,40000,2025-08-31 05:00:00,5,2025-08-31,0.018642363888889,0.074569455555556,0.074569455555556,15.000000000000000,900.000000000000000,100.000000000000000,1,900.000000000000000,100.000000000000000
ahu_b,ALL,2025-08-31 04:00:00,20250831,40000,2025-08-31 05:00:00,5,2025-08-31,0.018647641666667,0.074590566666667,0.065558115234375,15.000000000000000,900.000000000000000,100.000000000000000,1,900.000000000000000,100.000000000000000
ahu_b,L1,2025-08-31 04:15:00,20250831,41500,2025-08-31 05:15:00,5,2025-08-31,0.000000000000000,0.000000000000000,NaN,15.000000000000000,900.000000000000000,100.000000000000000,0,0.000000000000000,0.000000000000000
ahu_b,L2,2025-08-31 04:15:00,20250831,41500,2025-08-31 05:15:00,5,2025-08-31,0.000008641666667,0.000034566666667,0.000144697674419,15.000000000000000,900.000000000000000,100.000000000000000,0,215.000000000000000,23.888888888888889
ahu_b,L3,2025-08-31 04:15:00,20250831,41500,2025-08-31 05:15:00,5,2025-08-31,0.018668941666667,0.074675766666667,0.074675766666667,15.000000000000000,900.000000000000000,100.000000000000000,1,900.000000000000000,100.000000000000000
ahu_b,ALL,2025-08-31 04:15:00,20250831,41500,2025-08-31 05:15:00,5,2025-08-31,0.018677583333333,0.074710333333333,0.060304304932735,15.000000000000000,900.000000000000000,100.000000000000000,1,900.000000000000000,100.000000000000000
ahu_b,L1,2025-08-31 04:30:00,20250831,43000,2025-08-31 05:30:00,5,2025-08-31,0.029464741666667,0.117858966666667,0.752291276595745,15.000000000000000,900.000000000000000,100.000000000000000,0,141.000000000000000,15.666666666666668
ahu_b,L2,2025-08-31 04:30:00,20250831,43000,2025-08-31 05:30:00,5,2025-08-31,0.000029647222222,0.000118588888889,0.000250539906103,15.000000000000000,900.000000000000000,100.000000000000000,0,426.000000000000000,47.333333333333336
ahu_b,L3,2025-08-31 04:30:00,20250831,43000,2025-08-31 05:30:00,5,2025-08-31,0.041562130555556,0.166248522222222,0.166248522222222,15.000000000000000,900.000000000000000,100.000000000000000,1,900.000000000000000,100.000000000000000
ahu_b,ALL,2025-08-31 04:30:00,20250831,43000,2025-08-31 05:30:00,5,2025-08-31,0.071056519444444,0.284226077777778,0.174371826857532,15.000000000000000,900.000000000000000,100.000000000000000,1,900.000000000000000,100.000000000000000
ahu_b,L1,2025-08-31 04:45:00,20250831,44500,2025-08-31 05:45:00,5,2025-08-31,0.189273430555556,0.757093722222222,0.757093722222222,15.000000000000000,900.000000000000000,100.000000000000000,1,900.000000000000000,100.000000000000000
ahu_b,L2,2025-08-31 04:45:00,20250831,44500,2025-08-31 05:45:00,5,2025-08-31,0.000000000000000,0.000000000000000,NaN,15.000000000000000,900.000000000000000,100.000000000000000,0,0.000000000000000,0.000000000000000
ahu_b,L3,2025-08-31 04:45:00,20250831,44500,2025-08-31 05:45:00,5,2025-08-31,0.163508738888889,0.654034955555556,0.654034955555555,15.000000000000000,900.000000000000000,100.000000000000000,1,900.000000000000000,100.000000000000000
ahu_b,ALL,2025-08-31 04:45:00,20250831,44500,2025-08-31 05:45:00,5,2025-08-31,0.352782169444444,1.411128677777778,0.705564338888889,15.000000000000000,900.000000000000000,100.000000000000000,1,900.000000000000000,100.000000000000000
ahu_b,L1,2025-08-31 05:00:00,20250831,50000,2025-08-31 06:00:00,6,2025-08-31,0.189315547222222,0.757262188888889,0.757262188888889,15.000000000000000,900.000000000000000,100.000000000000000,1,900.000000000000000,100.000000000000000
ahu_b,L2,2025-08-31 05:00:00,20250831,50000,2025-08-31 06:00:00,6,2025-08-31,0.000000000000000,0.000000000000000,NaN,15.000000000000000,900.000000000000000,100.000000000000000,0,0.000000000000000,0.000000000000000
ahu_b,L3,2025-08-31 05:00:00,20250831,50000,2025-08-31 06:00:00,6,2025-08-31,0.167148833333333,0.668595333333333,0.668595333333333,15.000000000000000,900.000000000000000,100.000000000000000,1,900.000000000000000,100.000000000000000
ahu_b,ALL,2025-08-31 05:00:00,20250831,50000,2025-08-31 06:00:00,6,2025-08-31,0.356464380555556,1.425857522222223,0.712928761111111,15.000000000000000,900.000000000000000,100.000000000000000,1,900.000000000000000,100.000000000000000
ahu_b,L1,2025-08-31 05:15:00,20250831,51500,2025-08-31 06:15:00,6,2025-08-31,0.188197036111111,0.752788144444444,0.752788144444445,15.000000000000000,900.000000000000000,100.000000000000000,1,900.000000000000000,100.000000000000000
ahu_b,L2,2025-08-31 05:15:00,20250831,51500,2025-08-31 06:15:00,6,2025-08-31,0.000000000000000,0.000000000000000,NaN,15.000000000000000,900.000000000000000,100.000000000000000,0,0.000000000000000,0.000000000000000
ahu_b,L3,2025-08-31 05:15:00,20250831,51500,2025-08-31 06:15:00,6,2025-08-31,0.168424925000000,0.673699700000000,0.673699700000000,15.000000000000000,900.000000000000000,100.000000000000000,1,900.000000000000000,100.000000000000000
ahu_b,ALL,2025-08-31 05:15:00,20250831,51500,2025-08-31 06:15:00,6,2025-08-31,0.356621961111111,1.426487844444444,0.713243922222222,15.000000000000000,900.000000000000000,100.000000000000000,1,900.000000000000000,100.000000000000000
ahu_b,L1,2025-08-31 05:30:00,20250831,53000,2025-08-31 06:30:00,6,2025-08-31,0.190058019444444,0.760232077777778,0.760232077777778,15.000000000000000,900.000000000000000,100.000000000000000,1,900.000000000000000,100.000000000000000
ahu_b,L2,2025-08-31 05:30:00,20250831,53000,2025-08-31 06:30:00,6,2025-08-31,0.000000000000000,0.000000000000000,NaN,15.000000000000000,900.000000000000000,100.000000000000000,0,0.000000000000000,0.000000000000000
ahu_b,L3,2025-08-31 05:30:00,20250831,53000,2025-08-31 06:30:00,6,2025-08-31,0.167398658333333,0.669594633333333,0.669594633333333,15.000000000000000,900.000000000000000,100.000000000000000,1,900.000000000000000,100.000000000000000
ahu_b,ALL,2025-08-31 05:30:00,20250831,53000,2025-08-31 06:30:00,6,2025-08-31,0.357456677777778,1.429826711111111,0.714913355555556,15.000000000000000,900.000000000000000,100.000000000000000,1,900.000000000000000,100.000000000000000
ahu_b,L1,2025-08-31 05:45:00,20250831,54500,2025-08-31 06:45:00,6,2025-08-31,0.188431208333333,0.753724833333333,0.753724833333334,15.000000000000000,900.000000000000000,100.000000000000000,1,900.000000000000000,100.000000000000000
ahu_b,L2,2025-08-31 05:45:00,20250831,54500,2025-08-31 06:45:00,6,2025-08-31,0.000000000000000,0.000000000000000,NaN,15.000000000000000,900.000000000000000,100.000000000000000,0,0.000000000000000,0.000000000000000
ahu_b,L3,2025-08-31 05:45:00,20250831,54500,2025-08-31 06:45:00,6,2025-08-31,0.166177358333333,0.664709433333333,0.664709433333333,15.000000000000000,900.000000000000000,100.000000000000000,1,900.000000000000000,100.000000000000000
ahu_b,ALL,2025-08-31 05:45:00,20250831,54500,2025-08-31 06:45:00,6,2025-08-31,0.354608566666667,1.418434266666666,0.709217133333333,15.000000000000000,900.000000000000000,100.000000000000000,1,900.000000000000000,100.000000000000000
ahu_b,L1,2025-08-31 06:00:00,20250831,60000,2025-08-31 07:00:00,7,2025-08-31,0.188109302777778,0.752437211111111,0.752437211111111,15.000000000000000,900.000000000000000,100.000000000000000,1,900.000000000000000,100.000000000000000
ahu_b,L2,2025-08-31 06:00:00,20250831,60000,2025-08-31 07:00:00,7,2025-08-31,0.000000000000000,0.000000000000000,NaN,15.000000000000000,900.000000000000000,100.000000000000000,0,0.000000000000000,0.000000000000000
ahu_b,L3,2025-08-31 06:00:00,20250831,60000,2025-08-31 07:00:00,7,2025-08-31,0.166632586111111,0.666530344444444,0.666530344444444,15.000000000000000,900.000000000000000,100.000000000000000,1,900.000000000000000,100.000000000000000
ahu_b,ALL,2025-08-31 06:00:00,20250831,60000,2025-08-31 07:00:00,7,2025-08-31,0.354741888888889,1.418967555555555,0.709483777777778,15.000000000000000,900.000000000000000,100.000000000000000,1,900.000000000000000,100.000000000000000
ahu_b,L1,2025-08-31 06:15:00,20250831,61500,2025-08-31 07:15:00,7,2025-08-31,0.189467958333333,0.757871833333333,0.757871833333333,15.000000000000000,900.000000000000000,100.000000000000000,1,900.000000000000000,100.000000000000000
ahu_b,L2,2025-08-31 06:15:00,20250831,61500,2025-08-31 07:15:00,7,2025-08-31,0.000000000000000,0.000000000000000,NaN,15.000000000000000,900.000000000000000,100.000000000000000,0,0.000000000000000,0.000000000000000
ahu_b,L3,2025-08-31 06:15:00,20250831,61500,2025-08-31 07:15:00,7,2025-08-31,0.168435552777778,0.673742211111111,0.673742211111111,15.000000000000000,900.000000000000000,100.000000000000000,1,900.000000000000000,100.000000000000000
ahu_b,ALL,2025-08-31 06:15:00,20250831,61500,2025-08-31 07:15:00,7,2025-08-31,0.357903511111111,1.431614044444445,0.715807022222222,15.000000000000000,900.000000000000000,100.000000000000000,1,900.000000000000000,100.000000000000000
ahu_b,L1,2025-08-31 06:30:00,20250831,63000,2025-08-31 07:30:00,7,2025-08-31,0.188411877777778,0.753647511111111,0.753647511111111,15.000000000000000,900.000000000000000,100.000000000000000,1,900.000000000000000,100.000000000000000
ahu_b,L2,2025-08-31 06:30:00,20250831,63000,2025-08-31 07:30:00,7,2025-08-31,0.000000000000000,0.000000000000000,NaN,15.000000000000000,900.000000000000000,100.000000000000000,0,0.000000000000000,0.000000000000000
ahu_b,L3,2025-08-31 06:30:00,20250831,63000,2025-08-31 07:30:00,7,2025-08-31,0.169421508333333,0.677686033333333,0.677686033333333,15.000000000000000,900.000000000000000,100.000000000000000,1,900.000000000000000,100.000000000000000
ahu_b,ALL,2025-08-31 06:30:00,20250831,63000,2025-08-31 07:30:00,7,2025-08-31,0.357833386111111,1.431333544444445,0.715666772222222,15.000000000000000,900.000000000000000,100.000000000000000,1,900.000000000000000,100.000000000000000
ahu_b,L1,2025-08-31 06:45:00,20250831,64500,2025-08-31 07:45:00,7,2025-08-31,0.188691686111111,0.754766744444444,0.754766744444445,15.000000000000000,900.000000000000000,100.000000000000000,1,900.000000000000000,100.000000000000000
ahu_b,L2,2025-08-31 06:45:00,20250831,64500,2025-08-31 07:45:00,7,2025-08-31,0.000000000000000,0.000000000000000,NaN,15.000000000000000,900.000000000000000,100.000000000000000,0,0.000000000000000,0.000000000000000
ahu_b,L3,2025-08-31 06:45:00,20250831,64500,2025-08-31 07:45:00,7,2025-08-31,0.169428708333333,0.677714833333333,0.677714833333333,15.000000000000000,900.000000000000000,100.000000000000000,1,900.000000000000000,100.000000000000000
ahu_b,ALL,2025-08-31 06:45:00,20250831,64500,2025-08-31 07:45:00,7,2025-08-31,0.358120394444444,1.432481577777778,0.716240788888889,15.000000000000000,900.000000000000000,100.000000000000000,1,900.000000000000000,100.000000000000000
ahu_b,L1,2025-08-31 07:00:00,20250831,70000,2025-08-31 08:00:00,8,2025-08-31,0.187709766666667,0.750839066666667,0.750839066666667,15.000000000000000,900.000000000000000,100.000000000000000,1,900.000000000000000,100.000000000000000
ahu_b,L2,2025-08-31 07:00:00,20250831,70000,2025-08-31 08:00:00,8,2025-08-31,0.000000000000000,0.000000000000000,NaN,15.000000000000000,900.000000000000000,100.000000000000000,0,0.000000000000000,0.000000000000000
ahu_b,L3,2025-08-31 07:00:00,20250831,70000,2025-08-31 08:00:00,8,2025-08-31,0.166019425000000,0.664077700000000,0.664077700000000,15.000000000000000,900.000000000000000,100.000000000000000,1,900.000000000000000,100.000000000000000
ahu_b,ALL,2025-08-31 07:00:00,20250831,70000,2025-08-31 08:00:00,8,2025-08-31,0.353729191666667,1.414916766666667,0.707458383333333,15.000000000000000,900.000000000000000,100.000000000000000,1,900.000000000000000,100.000000000000000
ahu_b,L1,2025-08-31 07:15:00,20250831,71500,2025-08-31 08:15:00,8,2025-08-31,0.191306427777778,0.765225711111111,0.765225711111111,15.000000000000000,900.000000000000000,100.000000000000000,1,900.000000000000000,100.000000000000000
ahu_b,L2,2025-08-31 07:15:00,20250831,71500,2025-08-31 08:15:00,8,2025-08-31,0.000000000000000,0.000000000000000,NaN,15.000000000000000,900.000000000000000,100.000000000000000,0,0.000000000000000,0.000000000000000
ahu_b,L3,2025-08-31 07:15:00,20250831,71500,2025-08-31 08:15:00,8,2025-08-31,0.170583750000000,0.682335000000000,0.682335000000000,15.000000000000000,900.000000000000000,100.000000000000000,1,900.000000000000000,100.000000000000000
ahu_b,ALL,2025-08-31 07:15:00,20250831,71500,2025-08-31 08:15:00,8,2025-08-31,0.361890177777778,1.447560711111112,0.723780355555555,15.000000000000000,900.000000000000000,100.000000000000000,1,900.000000000000000,100.000000000000000
ahu_b,L1,2025-08-31 07:30:00,20250831,73000,2025-08-31 08:30:00,8,2025-08-31,0.193088669444444,0.772354677777778,0.772354677777778,15.000000000000000,900.000000000000000,100.000000000000000,1,900.000000000000000,100.000000000000000
ahu_b,L2,2025-08-31 07:30:00,20250831,73000,2025-08-31 08:30:00,8,2025-08-31,0.000000000000000,0.000000000000000,NaN,15.000000000000000,900.000000000000000,100.000000000000000,0,0.000000000000000,0.000000000000000
ahu_b,L3,2025-08-31 07:30:00,20250831,73000,2025-08-31 08:30:00,8,2025-08-31,0.170366508333333,0.681466033333333,0.681466033333334,15.000000000000000,900.000000000000000,100.000000000000000,1,900.000000000000000,100.000000000000000
ahu_b,ALL,2025-08-31 07:30:00,20250831,73000,2025-08-31 08:30:00,8,2025-08-31,0.363455177777778,1.453820711111111,0.726910355555556,15.000000000000000,900.000000000000000,100.000000000000000,1,900.000000000000000,100.000000000000000
ahu_b,L1,2025-08-31 07:45:00,20250831,74500,2025-08-31 08:45:00,8,2025-08-31,0.192624277777778,0.770497111111111,0.770497111111112,15.000000000000000,900.000000000000000,100.000000000000000,1,900.000000000000000,100.000000000000000
ahu_b,L2,2025-08-31 07:45:00,20250831,74500,2025-08-31 08:45:00,8,2025-08-31,0.000000000000000,0.000000000000000,NaN,15.000000000000000,900.000000000000000,100.000000000000000,0,0.000000000000000,0.000000000000000
ahu_b,L3,2025-08-31 07:45:00,20250831,74500,2025-08-31 08:45:00,8,2025-08-31,0.170684383333333,0.682737533333333,0.682737533333334,15.000000000000000,900.000000000000000,100.000000000000000,1,900.000000000000000,100.000000000000000
ahu_b,ALL,2025-08-31 07:45:00,20250831,74500,2025-08-31 08:45:00,8,2025-08-31,0.363308661111111,1.453234644444445,0.726617322222223,15.000000000000000,900.000000000000000,100.000000000000000,1,900.000000000000000,100.000000000000000
ahu_b,L1,2025-08-31 08:00:00,20250831,80000,2025-08-31 09:00:00,9,2025-08-31,0.190807452777778,0.763229811111111,0.763229811111111,15.000000000000000,900.000000000000000,100.000000000000000,1,900.000000000000000,100.000000000000000
ahu_b,L2,2025-08-31 08:00:00,20250831,80000,2025-08-31 09:00:00,9,2025-08-31,0.000000000000000,0.000000000000000,NaN,15.000000000000000,900.000000000000000,100.000000000000000,0,0.000000000000000,0.000000000000000
ahu_b,L3,2025-08-31 08:00:00,20250831,80000,2025-08-31 09:00:00,9,2025-08-31,0.169139586111111,0.676558344444445,0.676558344444444,15.000000000000000,900.000000000000000,100.000000000000000,1,900.000000000000000,100.000000000000000
ahu_b,ALL,2025-08-31 08:00:00,20250831,80000,2025-08-31 09:00:00,9,2025-08-31,0.359947038888889,1.439788155555555,0.719894077777778,15.000000000000000,900.000000000000000,100.000000000000000,1,900.000000000000000,100.000000000000000
ahu_b,L1,2025-08-31 08:15:00,20250831,81500,2025-08-31 09:15:00,9,2025-08-31,0.187927583333333,0.751710333333333,0.751710333333333,15.000000000000000,900.000000000000000,100.000000000000000,1,900.000000000000000,100.000000000000000
ahu_b,L2,2025-08-31 08:15:00,20250831,81500,2025-08-31 09:15:00,9,2025-08-31,0.000000000000000,0.000000000000000,NaN,15.000000000000000,900.000000000000000,100.000000000000000,0,0.000000000000000,0.000000000000000
ahu_b,L3,2025-08-31 08:15:00,20250831,81500,2025-08-31 09:15:00,9,2025-08-31,0.166743241666667,0.666972966666667,0.666972966666667,15.000000000000000,900.000000000000000,100.000000000000000,1,900.000000000000000,100.000000000000000
ahu_b,ALL,2025-08-31 08:15:00,20250831,81500,2025-08-31 09:15:00,9,2025-08-31,0.354670825000000,1.418683300000000,0.709341650000000,15.000000000000000,900.000000000000000,100.000000000000000,1,900.000000000000000,100.000000000000000
ahu_b,L1,2025-08-31 08:30:00,20250831,83000,2025-08-31 09:30:00,9,2025-08-31,0.191681069444444,0.766724277777778,0.766724277777778,15.000000000000000,900.000000000000000,100.000000000000000,1,900.000000000000000,100.000000000000000
ahu_b,L2,2025-08-31 08:30:00,20250831,83000,2025-08-31 09:30:00,9,2025-08-31,0.000000000000000,0.000000000000000,NaN,15.000000000000000,900.000000000000000,100.000000000000000,0,0.000000000000000,0.000000000000000
ahu_b,L3,2025-08-31 08:30:00,20250831,83000,2025-08-31 09:30:00,9,2025-08-31,0.167458197222222,0.669832788888889,0.669832788888889,15.000000000000000,900.000000000000000,100.000000000000000,1,900.000000000000000,100.000000000000000
ahu_b,ALL,2025-08-31 08:30:00,20250831,83000,2025-08-31 09:30:00,9,2025-08-31,0.359139266666667,1.436557066666667,0.718278533333333,15.000000000000000,900.000000000000000,100.000000000000000,1,900.000000000000000,100.000000000000000
ahu_b,L1,2025-08-31 08:45:00,20250831,84500,2025-08-31 09:45:00,9,2025-08-31,0.193870297222222,0.775481188888889,0.775481188888889,15.000000000000000,900.000000000000000,100.000000000000000,1,900.000000000000000,100.000000000000000
ahu_b,L2,2025-08-31 08:45:00,20250831,84500,2025-08-31 09:45:00,9,2025-08-31,0.000000000000000,0.000000000000000,NaN,15.000000000000000,900.000000000000000,100.000000000000000,0,0.000000000000000,0.000000000000000
ahu_b,L3,2025-08-31 08:45:00,20250831,84500,2025-08-31 09:45:00,9,2025-08-31,0.169810152777778,0.679240611111111,0.679240611111111,15.000000000000000,900.000000000000000,100.000000000000000,1,900.000000000000000,100.000000000000000
ahu_b,ALL,2025-08-31 08:45:00,20250831,84500,2025-08-31 09:45:00,9,2025-08-31,0.363680450000000,1.454721800000000,0.727360900000000,15.000000000000000,900.000000000000000,100.000000000000000,1,900.000000000000000,100.000000000000000
ahu_b,L1,2025-08-31 09:00:00,20250831,90000,2025-08-31 10:00:00,10,2025-08-31,0.193850916666667,0.775403666666667,0.775403666666667,15.000000000000000,900.000000000000000,100.000000000000000,1,900.000000000000000,100.000000000000000
ahu_b,L2,2025-08-31 09:00:00,20250831,90000,2025-08-31 10:00:00,10,2025-08-31,0.000000000000000,0.000000000000000,NaN,15.000000000000000,900.000000000000000,100.000000000000000,0,0.000000000000000,0.000000000000000
ahu_b,L3,2025-08-31 09:00:00,20250831,90000,2025-08-31 10:00:00,10,2025-08-31,0.169872075000000,0.679488300000000,0.679488300000000,15.000000000000000,900.000000000000000,100.000000000000000,1,900.000000000000000,100.000000000000000
ahu_b,ALL,2025-08-31 09:00:00,20250831,90000,2025-08-31 10:00:00,10,2025-08-31,0.363722991666667,1.454891966666666,0.727445983333333,15.000000000000000,900.000000000000000,100.000000000000000,1,900.000000000000000,100.000000000000000
ahu_b,L1,2025-08-31 09:15:00,20250831,91500,2025-08-31 10:15:00,10,2025-08-31,0.193240566666667,0.772962266666666,0.772962266666667,15.000000000000000,900.000000000000000,100.000000000000000,1,900.000000000000000,100.000000000000000
ahu_b,L2,2025-08-31 09:15:00,20250831,91500,2025-08-31 10:15:00,10,2025-08-31,0.000000000000000,0.000000000000000,NaN,15.000000000000000,900.000000000000000,100.000000000000000,0,0.000000000000000,0.000000000000000
ahu_b,L3,2025-08-31 09:15:00,20250831,91500,2025-08-31 10:15:00,10,2025-08-31,0.170652252777778,0.682609011111111,0.682609011111111,15.000000000000000,900.000000000000000,100.000000000000000,1,900.000000000000000,100.000000000000000
ahu_b,ALL,2025-08-31 09:15:00,20250831,91500,2025-08-31 10:15:00,10,2025-08-31,0.363892819444444,1.455571277777777,0.727785638888889,15.000000000000000,900.000000000000000,100.000000000000000,1,900.000000000000000,100.000000000000000
ahu_b,L1,2025-08-31 09:30:00,20250831,93000,2025-08-31 10:30:00,10,2025-08-31,0.189086869444444,0.756347477777778,0.756347477777778,15.000000000000000,900.000000000000000,100.000000000000000,1,900.000000000000000,100.000000000000000
ahu_b,L2,2025-08-31 09:30:00,20250831,93000,2025-08-31 10:30:00,10,2025-08-31,0.000000000000000,0.000000000000000,NaN,15.000000000000000,900.000000000000000,100.000000000000000,0,0.000000000000000,0.000000000000000
ahu_b,L3,2025-08-31 09:30:00,20250831,93000,2025-08-31 10:30:00,10,2025-08-31,0.168344994444444,0.673379977777778,0.673379977777778,15.000000000000000,900.000000000000000,100.000000000000000,1,900.000000000000000,100.000000000000000
ahu_b,ALL,2025-08-31 09:30:00,20250831,93000,2025-08-31 10:30:00,10,2025-08-31,0.357431863888889,1.429727455555556,0.714863727777778,15.000000000000000,900.000000000000000,100.000000000000000,1,900.000000000000000,100.000000000000000
ahu_b,L1,2025-08-31 09:45:00,20250831,94500,2025-08-31 10:45:00,10,2025-08-31,0.189820972222222,0.759283888888889,0.759283888888889,15.000000000000000,900.000000000000000,100.000000000000000,1,900.000000000000000,100.000000000000000
ahu_b,L2,2025-08-31 09:45:00,20250831,94500,2025-08-31 10:45:00,10,2025-08-31,0.000000000000000,0.000000000000000,NaN,15.000000000000000,900.000000000000000,100.000000000000000,0,0.000000000000000,0.000000000000000
ahu_b,L3,2025-08-31 09:45:00,20250831,94500,2025-08-31 10:45:00,10,2025-08-31,0.167222391666667,0.668889566666667,0.668889566666667,15.000000000000000,900.000000000000000,100.000000000000000,1,900.000000000000000,100.000000000000000
ahu_b,ALL,2025-08-31 09:45:00,20250831,94500,2025-08-31 10:45:00,10,2025-08-31,0.357043363888889,1.428173455555556,0.714086727777778,15.000000000000000,900.000000000000000,100.000000000000000,1,900.000000000000000,100.000000000000000
ahu_b,L1,2025-08-31 10:00:00,20250831,100000,2025-08-31 11:00:00,11,2025-08-31,0.190655425000000,0.762621700000000,0.762621700000000,15.000000000000000,900.000000000000000,100.000000000000000,1,900.000000000000000,100.000000000000000
ahu_b,L2,2025-08-31 10:00:00,20250831,100000,2025-08-31 11:00:00,11,2025-08-31,0.000000000000000,0.000000000000000,NaN,15.000000000000000,900.000000000000000,100.000000000000000,0,0.000000000000000,0.000000000000000
ahu_b,L3,2025-08-31 10:00:00,20250831,100000,2025-08-31 11:00:00,11,2025-08-31,0.167643880555556,0.670575522222222,0.670575522222222,15.000000000000000,900.000000000000000,100.000000000000000,1,900.000000000000000,100.000000000000000
ahu_b,ALL,2025-08-31 10:00:00,20250831,100000,2025-08-31 11:00:00,11,2025-08-31,0.358299305555556,1.433197222222222,0.716598611111111,15.000000000000000,900.000000000000000,100.000000000000000,1,900.000000000000000,100.000000000000000
ahu_b,L1,2025-08-31 10:15:00,20250831,101500,2025-08-31 11:15:00,11,2025-08-31,0.190976988888889,0.763907955555555,0.763907955555556,15.000000000000000,900.000000000000000,100.000000000000000,1,900.000000000000000,100.000000000000000
ahu_b,L2,2025-08-31 10:15:00,20250831,101500,2025-08-31 11:15:00,11,2025-08-31,0.000000000000000,0.000000000000000,NaN,15.000000000000000,900.000000000000000,100.000000000000000,0,0.000000000000000,0.000000000000000
ahu_b,L3,2025-08-31 10:15:00,20250831,101500,2025-08-31 11:15:00,11,2025-08-31,0.167323963888889,0.669295855555556,0.669295855555555,15.000000000000000,900.000000000000000,100.000000000000000,1,900.000000000000000,100.000000000000000
ahu_b,ALL,2025-08-31 10:15:00,20250831,101500,2025-08-31 11:15:00,11,2025-08-31,0.358300952777778,1.433203811111111,0.716601905555555,15.000000000000000,900.000000000000000,100.000000000000000,1,900.000000000000000,100.000000000000000
ahu_b,L1,2025-08-31 10:30:00,20250831,103000,2025-08-31 11:30:00,11,2025-08-31,0.192563952777778,0.770255811111111,0.770255811111111,15.000000000000000,900.000000000000000,100.000000000000000,1,900.000000000000000,100.000000000000000
ahu_b,L2,2025-08-31 10:30:00,20250831,103000,2025-08-31 11:30:00,11,2025-08-31,0.000000000000000,0.000000000000000,NaN,15.000000000000000,900.000000000000000,100.000000000000000,0,0.000000000000000,0.000000000000000
ahu_b,L3,2025-08-31 10:30:00,20250831,103000,2025-08-31 11:30:00,11,2025-08-31,0.168722213888889,0.674888855555556,0.674888855555556,15.000000000000000,900.000000000000000,100.000000000000000,1,900.000000000000000,100.000000000000000
ahu_b,ALL,2025-08-31 10:30:00,20250831,103000,2025-08-31 11:30:00,11,2025-08-31,0.361286166666667,1.445144666666667,0.722572333333333,15.000000000000000,900.000000000000000,100.000000000000000,1,900.000000000000000,100.000000000000000
ahu_b,L1,2025-08-31 10:45:00,20250831,104500,2025-08-31 11:45:00,11,2025-08-31,0.195138275000000,0.780553100000000,0.780553100000000,15.000000000000000,900.000000000000000,100.000000000000000,1,900.000000000000000,100.000000000000000
ahu_b,L2,2025-08-31 10:45:00,20250831,104500,2025-08-31 11:45:00,11,2025-08-31,0.000000000000000,0.000000000000000,NaN,15.000000000000000,900.000000000000000,100.000000000000000,0,0.000000000000000,0.000000000000000
ahu_b,L3,2025-08-31 10:45:00,20250831,104500,2025-08-31 11:45:00,11,2025-08-31,0.170171894444444,0.680687577777778,0.680687577777778,15.000000000000000,900.000000000000000,100.000000000000000,1,900.000000000000000,100.000000000000000
ahu_b,ALL,2025-08-31 10:45:00,20250831,104500,2025-08-31 11:45:00,11,2025-08-31,0.365310169444444,1.461240677777778,0.730620338888889,15.000000000000000,900.000000000000000,100.000000000000000,1,900.000000000000000,100.000000000000000
ahu_b,L1,2025-08-31 11:00:00,20250831,110000,2025-08-31 12:00:00,12,2025-08-31,0.190089888888889,0.760359555555556,0.760359555555556,15.000000000000000,900.000000000000000,100.000000000000000,1,900.000000000000000,100.000000000000000
ahu_b,L2,2025-08-31 11:00:00,20250831,110000,2025-08-31 12:00:00,12,2025-08-31,0.000000000000000,0.000000000000000,NaN,15.000000000000000,900.000000000000000,100.000000000000000,0,0.000000000000000,0.000000000000000
ahu_b,L3,2025-08-31 11:00:00,20250831,110000,2025-08-31 12:00:00,12,2025-08-31,0.166871633333333,0.667486533333333,0.667486533333333,15.000000000000000,900.000000000000000,100.000000000000000,1,900.000000000000000,100.000000000000000
ahu_b,ALL,2025-08-31 11:00:00,20250831,110000,2025-08-31 12:00:00,12,2025-08-31,0.356961522222222,1.427846088888889,0.713923044444444,15.000000000000000,900.000000000000000,100.000000000000000,1,900.000000000000000,100.000000000000000
ahu_b,L1,2025-08-31 11:15:00,20250831,111500,2025-08-31 12:15:00,12,2025-08-31,0.191207177777778,0.764828711111111,0.764828711111111,15.000000000000000,900.000000000000000,100.000000000000000,1,900.000000000000000,100.000000000000000
ahu_b,L2,2025-08-31 11:15:00,20250831,111500,2025-08-31 12:15:00,12,2025-08-31,0.000000000000000,0.000000000000000,NaN,15.000000000000000,900.000000000000000,100.000000000000000,0,0.000000000000000,0.000000000000000
ahu_b,L3,2025-08-31 11:15:00,20250831,111500,2025-08-31 12:15:00,12,2025-08-31,0.167467336111111,0.669869344444445,0.669869344444444,15.000000000000000,900.000000000000000,100.000000000000000,1,900.000000000000000,100.000000000000000
ahu_b,ALL,2025-08-31 11:15:00,20250831,111500,2025-08-31 12:15:00,12,2025-08-31,0.358674513888889,1.434698055555556,0.717349027777778,15.000000000000000,900.000000000000000,100.000000000000000,1,900.000000000000000,100.000000000000000
ahu_b,L1,2025-08-31 11:30:00,20250831,113000,2025-08-31 12:30:00,12,2025-08-31,0.190973952777778,0.763895811111111,0.763895811111111,15.000000000000000,900.000000000000000,100.000000000000000,1,900.000000000000000,100.000000000000000
ahu_b,L2,2025-08-31 11:30:00,20250831,113000,2025-08-31 12:30:00,12,2025-08-31,0.000000000000000,0.000000000000000,NaN,15.000000000000000,900.000000000000000,100.000000000000000,0,0.000000000000000,0.000000000000000
ahu_b,L3,2025-08-31 11:30:00,20250831,113000,2025-08-31 12:30:00,12,2025-08-31,0.164865294444445,0.659461177777778,0.659461177777777,15.000000000000000,900.000000000000000,100.000000000000000,1,900.000000000000000,100.000000000000000
ahu_b,ALL,2025-08-31 11:30:00,20250831,113000,2025-08-31 12:30:00,12,2025-08-31,0.355839247222222,1.423356988888889,0.711678494444444,15.000000000000000,900.000000000000000,100.000000000000000,1,900.000000000000000,100.000000000000000
ahu_b,L1,2025-08-31 11:45:00,20250831,114500,2025-08-31 12:45:00,12,2025-08-31,0.191743850000000,0.766975400000000,0.766975400000000,15.000000000000000,900.000000000000000,100.000000000000000,1,900.000000000000000,100.000000000000000
ahu_b,L2,2025-08-31 11:45:00,20250831,114500,2025-08-31 12:45:00,12,2025-08-31,0.000000000000000,0.000000000000000,NaN,15.000000000000000,900.000000000000000,100.000000000000000,0,0.000000000000000,0.000000000000000
ahu_b,L3,2025-08-31 11:45:00,20250831,114500,2025-08-31 12:45:00,12,2025-08-31,0.165910036111111,0.663640144444445,0.663640144444445,15.000000000000000,900.000000000000000,100.000000000000000,1,900.000000000000000,100.000000000000000
ahu_b,ALL,2025-08-31 11:45:00,20250831,114500,2025-08-31 12:45:00,12,2025-08-31,0.357653886111111,1.430615544444445,0.715307772222222,15.000000000000000,900.000000000000000,100.000000000000000,1,900.000000000000000,100.000000000000000
ahu_b,L1,2025-08-31 12:00:00,20250831,120000,2025-08-31 13:00:00,13,2025-08-31,0.189962925000000,0.759851700000000,0.759851700000000,15.000000000000000,900.000000000000000,100.000000000000000,1,900.000000000000000,100.000000000000000
ahu_b,L2,2025-08-31 12:00:00,20250831,120000,2025-08-31 13:00:00,13,2025-08-31,0.000000000000000,0.000000000000000,NaN,15.000000000000000,900.000000000000000,100.000000000000000,0,0.000000000000000,0.000000000000000
ahu_b,L3,2025-08-31 12:00:00,20250831,120000,2025-08-31 13:00:00,13,2025-08-31,0.165870705555556,0.663482822222223,0.663482822222222,15.000000000000000,900.000000000000000,100.000000000000000,1,900.000000000000000,100.000000000000000
ahu_b,ALL,2025-08-31 12:00:00,20250831,120000,2025-08-31 13:00:00,13,2025-08-31,0.355833630555556,1.423334522222222,0.711667261111111,15.000000000000000,900.000000000000000,100.000000000000000,1,900.000000000000000,100.000000000000000
ahu_b,L1,2025-08-31 12:15:00,20250831,121500,2025-08-31 13:15:00,13,2025-08-31,0.188773788888889,0.755095155555556,0.755095155555556,15.000000000000000,900.000000000000000,100.000000000000000,1,900.000000000000000,100.000000000000000
ahu_b,L2,2025-08-31 12:15:00,20250831,121500,2025-08-31 13:15:00,13,2025-08-31,0.000000000000000,0.000000000000000,NaN,15.000000000000000,900.000000000000000,100.000000000000000,0,0.000000000000000,0.000000000000000
ahu_b,L3,2025-08-31 12:15:00,20250831,121500,2025-08-31 13:15:00,13,2025-08-31,0.165975275000000,0.663901100000000,0.663901100000000,15.000000000000000,900.000000000000000,100.000000000000000,1,900.000000000000000,100.000000000000000
ahu_b,ALL,2025-08-31 12:15:00,20250831,121500,2025-08-31 13:15:00,13,2025-08-31,0.354749063888889,1.418996255555556,0.709498127777778,15.000000000000000,900.000000000000000,100.000000000000000,1,900.000000000000000,100.000000000000000
ahu_b,L1,2025-08-31 12:30:00,20250831,123000,2025-08-31 13:30:00,13,2025-08-31,0.190539277777778,0.762157111111111,0.762157111111111,15.000000000000000,900.000000000000000,100.000000000000000,1,900.000000000000000,100.000000000000000
ahu_b,L2,2025-08-31 12:30:00,20250831,123000,2025-08-31 13:30:00,13,2025-08-31,0.000000000000000,0.000000000000000,NaN,15.000000000000000,900.000000000000000,100.000000000000000,0,0.000000000000000,0.000000000000000
ahu_b,L3,2025-08-31 12:30:00,20250831,123000,2025-08-31 13:30:00,13,2025-08-31,0.166354308333333,0.665417233333333,0.665417233333334,15.000000000000000,900.000000000000000,100.000000000000000,1,900.000000000000000,100.000000000000000
ahu_b,ALL,2025-08-31 12:30:00,20250831,123000,2025-08-31 13:30:00,13,2025-08-31,0.356893586111111,1.427574344444444,0.713787172222222,15.000000000000000,900.000000000000000,100.000000000000000,1,900.000000000000000,100.000000000000000
ahu_b,L1,2025-08-31 12:45:00,20250831,124500,2025-08-31 13:45:00,13,2025-08-31,0.190544941666667,0.762179766666667,0.762179766666667,15.000000000000000,900.000000000000000,100.000000000000000,1,900.000000000000000,100.000000000000000
ahu_b,L2,2025-08-31 12:45:00,20250831,124500,2025-08-31 13:45:00,13,2025-08-31,0.000000000000000,0.000000000000000,NaN,15.000000000000000,900.000000000000000,100.000000000000000,0,0.000000000000000,0.000000000000000
ahu_b,L3,2025-08-31 12:45:00,20250831,124500,2025-08-31 13:45:00,13,2025-08-31,0.167404622222222,0.669618488888889,0.669618488888889,15.000000000000000,900.000000000000000,100.000000000000000,1,900.000000000000000,100.000000000000000
ahu_b,ALL,2025-08-31 12:45:00,20250831,124500,2025-08-31 13:45:00,13,2025-08-31,0.357949563888889,1.431798255555555,0.715899127777778,15.000000000000000,900.000000000000000,100.000000000000000,1,900.000000000000000,100.000000000000000
ahu_b,L1,2025-08-31 13:00:00,20250831,130000,2025-08-31 14:00:00,14,2025-08-31,0.192071125000000,0.768284500000000,0.768284500000000,15.000000000000000,900.000000000000000,100.000000000000000,1,900.000000000000000,100.000000000000000
ahu_b,L2,2025-08-31 13:00:00,20250831,130000,2025-08-31 14:00:00,14,2025-08-31,0.000000000000000,0.000000000000000,NaN,15.000000000000000,900.000000000000000,100.000000000000000,0,0.000000000000000,0.000000000000000
ahu_b,L3,2025-08-31 13:00:00,20250831,130000,2025-08-31 14:00:00,14,2025-08-31,0.168749269444444,0.674997077777778,0.674997077777778,15.000000000000000,900.000000000000000,100.000000000000000,1,900.000000000000000,100.000000000000000
ahu_b,ALL,2025-08-31 13:00:00,20250831,130000,2025-08-31 14:00:00,14,2025-08-31,0.360820394444444,1.443281577777777,0.721640788888889,15.000000000000000,900.000000000000000,100.000000000000000,1,900.000000000000000,100.000000000000000
ahu_b,L1,2025-08-31 13:15:00,20250831,131500,2025-08-31 14:15:00,14,2025-08-31,0.191004238888889,0.764016955555556,0.764016955555556,15.000000000000000,900.000000000000000,100.000000000000000,1,900.000000000000000,100.000000000000000
ahu_b,L2,2025-08-31 13:15:00,20250831,131500,2025-08-31 14:15:00,14,2025-08-31,0.000000000000000,0.000000000000000,NaN,15.000000000000000,900.000000000000000,100.000000000000000,0,0.000000000000000,0.000000000000000
ahu_b,L3,2025-08-31 13:15:00,20250831,131500,2025-08-31 14:15:00,14,2025-08-31,0.167715675000000,0.670862700000000,0.670862700000000,15.000000000000000,900.000000000000000,100.000000000000000,1,900.000000000000000,100.000000000000000
ahu_b,ALL,2025-08-31 13:15:00,20250831,131500,2025-08-31 14:15:00,14,2025-08-31,0.358719913888889,1.434879655555556,0.717439827777778,15.000000000000000,900.000000000000000,100.000000000000000,1,900.000000000000000,100.000000000000000
ahu_b,L1,2025-08-31 13:30:00,20250831,133000,2025-08-31 14:30:00,14,2025-08-31,0.191518627777778,0.766074511111111,0.766074511111111,15.000000000000000,900.000000000000000,100.000000000000000,1,900.000000000000000,100.000000000000000
ahu_b,L2,2025-08-31 13:30:00,20250831,133000,2025-08-31 14:30:00,14,2025-08-31,0.000000000000000,0.000000000000000,NaN,15.000000000000000,900.000000000000000,100.000000000000000,0,0.000000000000000,0.000000000000000
ahu_b,L3,2025-08-31 13:30:00,20250831,133000,2025-08-31 14:30:00,14,2025-08-31,0.168937588888889,0.675750355555556,0.675750355555556,15.000000000000000,900.000000000000000,100.000000000000000,1,900.000000000000000,100.000000000000000
ahu_b,ALL,2025-08-31 13:30:00,20250831,133000,2025-08-31 14:30:00,14,2025-08-31,0.360456216666667,1.441824866666667,0.720912433333333,15.000000000000000,900.000000000000000,100.000000000000000,1,900.000000000000000,100.000000000000000
ahu_b,L1,2025-08-31 13:45:00,20250831,134500,2025-08-31 14:45:00,14,2025-08-31,0.192872913888889,0.771491655555556,0.771491655555556,15.000000000000000,900.000000000000000,100.000000000000000,1,900.000000000000000,100.000000000000000
ahu_b,L2,2025-08-31 13:45:00,20250831,134500,2025-08-31 14:45:00,14,2025-08-31,0.000000000000000,0.000000000000000,NaN,15.000000000000000,900.000000000000000,100.000000000000000,0,0.000000000000000,0.000000000000000
ahu_b,L3,2025-08-31 13:45:00,20250831,134500,2025-08-31 14:45:00,14,2025-08-31,0.168824900000000,0.675299600000000,0.675299600000000,15.000000000000000,900.000000000000000,100.000000000000000,1,900.000000000000000,100.000000000000000
ahu_b,ALL,2025-08-31 13:45:00,20250831,134500,2025-08-31 14:45:00,14,2025-08-31,0.361697813888889,1.446791255555556,0.723395627777778,15.000000000000000,900.000000000000000,100.000000000000000,1,900.000000000000000,100.000000000000000
ahu_b,L1,2025-08-31 14:00:00,20250831,140000,2025-08-31 15:00:00,15,2025-08-31,0.193583697222222,0.774334788888889,0.774334788888889,15.000000000000000,900.000000000000000,100.000000000000000,1,900.000000000000000,100.000000000000000
ahu_b,L2,2025-08-31 14:00:00,20250831,140000,2025-08-31 15:00:00,15,2025-08-31,0.000000000000000,0.000000000000000,NaN,15.000000000000000,900.000000000000000,100.000000000000000,0,0.000000000000000,0.000000000000000
ahu_b,L3,2025-08-31 14:00:00,20250831,140000,2025-08-31 15:00:00,15,2025-08-31,0.168164688888889,0.672658755555556,0.672658755555556,15.000000000000000,900.000000000000000,100.000000000000000,1,900.000000000000000,100.000000000000000
ahu_b,ALL,2025-08-31 14:00:00,20250831,140000,2025-08-31 15:00:00,15,2025-08-31,0.361748386111111,1.446993544444445,0.723496772222222,15.000000000000000,900.000000000000000,100.000000000000000,1,900.000000000000000,100.000000000000000
ahu_b,L1,2025-08-31 14:15:00,20250831,141500,2025-08-31 15:15:00,15,2025-08-31,0.191811669444444,0.767246677777778,0.767246677777778,15.000000000000000,900.000000000000000,100.000000000000000,1,900.000000000000000,100.000000000000000
ahu_b,L2,2025-08-31 14:15:00,20250831,141500,2025-08-31 15:15:00,15,2025-08-31,0.000000000000000,0.000000000000000,NaN,15.000000000000000,900.000000000000000,100.000000000000000,0,0.000000000000000,0.000000000000000
ahu_b,L3,2025-08-31 14:15:00,20250831,141500,2025-08-31 15:15:00,15,2025-08-31,0.169202927777778,0.676811711111111,0.676811711111111,15.000000000000000,900.000000000000000,100.000000000000000,1,900.000000000000000,100.000000000000000
ahu_b,ALL,2025-08-31 14:15:00,20250831,141500,2025-08-31 15:15:00,15,2025-08-31,0.361014597222222,1.444058388888889,0.722029194444445,15.000000000000000,900.000000000000000,100.000000000000000,1,900.000000000000000,100.000000000000000
ahu_b,L1,2025-08-31 14:30:00,20250831,143000,2025-08-31 15:30:00,15,2025-08-31,0.194709777777778,0.778839111111111,0.778839111111111,15.000000000000000,900.000000000000000,100.000000000000000,1,900.000000000000000,100.000000000000000
ahu_b,L2,2025-08-31 14:30:00,20250831,143000,2025-08-31 15:30:00,15,2025-08-31,0.000000000000000,0.000000000000000,NaN,15.000000000000000,900.000000000000000,100.000000000000000,0,0.000000000000000,0.000000000000000
ahu_b,L3,2025-08-31 14:30:00,20250831,143000,2025-08-31 15:30:00,15,2025-08-31,0.171508422222222,0.686033688888889,0.686033688888889,15.000000000000000,900.000000000000000,100.000000000000000,1,900.000000000000000,100.000000000000000
ahu_b,ALL,2025-08-31 14:30:00,20250831,143000,2025-08-31 15:30:00,15,2025-08-31,0.366218200000000,1.464872800000000,0.732436400000000,15.000000000000000,900.000000000000000,100.000000000000000,1,900.000000000000000,100.000000000000000
ahu_b,L1,2025-08-31 14:45:00,20250831,144500,2025-08-31 15:45:00,15,2025-08-31,0.194270566666667,0.777082266666667,0.777082266666667,15.000000000000000,900.000000000000000,100.000000000000000,1,900.000000000000000,100.000000000000000
ahu_b,L2,2025-08-31 14:45:00,20250831,144500,2025-08-31 15:45:00,15,2025-08-31,0.000000000000000,0.000000000000000,NaN,15.000000000000000,900.000000000000000,100.000000000000000,0,0.000000000000000,0.000000000000000
ahu_b,L3,2025-08-31 14:45:00,20250831,144500,2025-08-31 15:45:00,15,2025-08-31,0.169746433333333,0.678985733333333,0.678985733333334,15.000000000000000,900.000000000000000,100.000000000000000,1,900.000000000000000,100.000000000000000
ahu_b,ALL,2025-08-31 14:45:00,20250831,144500,2025-08-31 15:45:00,15,2025-08-31,0.364017000000000,1.456068000000000,0.728034000000000,15.000000000000000,900.000000000000000,100.000000000000000,1,900.000000000000000,100.000000000000000
ahu_b,L1,2025-08-31 15:00:00,20250831,150000,2025-08-31 16:00:00,16,2025-08-31,0.195621050000000,0.782484200000001,0.782484200000000,15.000000000000000,900.000000000000000,100.000000000000000,1,900.000000000000000,100.000000000000000
ahu_b,L2,2025-08-31 15:00:00,20250831,150000,2025-08-31 16:00:00,16,2025-08-31,0.000000000000000,0.000000000000000,NaN,15.000000000000000,900.000000000000000,100.000000000000000,0,0.000000000000000,0.000000000000000
ahu_b,L3,2025-08-31 15:00:00,20250831,150000,2025-08-31 16:00:00,16,2025-08-31,0.170525561111111,0.682102244444445,0.682102244444444,15.000000000000000,900.000000000000000,100.000000000000000,1,900.000000000000000,100.000000000000000
ahu_b,ALL,2025-08-31 15:00:00,20250831,150000,2025-08-31 16:00:00,16,2025-08-31,0.366146611111111,1.464586444444445,0.732293222222222,15.000000000000000,900.000000000000000,100.000000000000000,1,900.000000000000000,100.000000000000000
ahu_b,L1,2025-08-31 15:15:00,20250831,151500,2025-08-31 16:15:00,16,2025-08-31,0.194730791666667,0.778923166666667,0.778923166666667,15.000000000000000,900.000000000000000,100.000000000000000,1,900.000000000000000,100.000000000000000
ahu_b,L2,2025-08-31 15:15:00,20250831,151500,2025-08-31 16:15:00,16,2025-08-31,0.000000000000000,0.000000000000000,NaN,15.000000000000000,900.000000000000000,100.000000000000000,0,0.000000000000000,0.000000000000000
ahu_b,L3,2025-08-31 15:15:00,20250831,151500,2025-08-31 16:15:00,16,2025-08-31,0.168825775000000,0.675303100000000,0.675303100000000,15.000000000000000,900.000000000000000,100.000000000000000,1,900.000000000000000,100.000000000000000
ahu_b,ALL,2025-08-31 15:15:00,20250831,151500,2025-08-31 16:15:00,16,2025-08-31,0.363556566666667,1.454226266666667,0.727113133333333,15.000000000000000,900.000000000000000,100.000000000000000,1,900.000000000000000,100.000000000000000
ahu_b,L1,2025-08-31 15:30:00,20250831,153000,2025-08-31 16:30:00,16,2025-08-31,0.194227497222222,0.776909988888889,0.776909988888889,15.000000000000000,900.000000000000000,100.000000000000000,1,900.000000000000000,100.000000000000000
ahu_b,L2,2025-08-31 15:30:00,20250831,153000,2025-08-31 16:30:00,16,2025-08-31,0.000000000000000,0.000000000000000,NaN,15.000000000000000,900.000000000000000,100.000000000000000,0,0.000000000000000,0.000000000000000
ahu_b,L3,2025-08-31 15:30:00,20250831,153000,2025-08-31 16:30:00,16,2025-08-31,0.169773372222222,0.679093488888889,0.679093488888889,15.000000000000000,900.000000000000000,100.000000000000000,1,900.000000000000000,100.000000000000000
ahu_b,ALL,2025-08-31 15:30:00,20250831,153000,2025-08-31 16:30:00,16,2025-08-31,0.364000869444444,1.456003477777778,0.728001738888889,15.000000000000000,900.000000000000000,100.000000000000000,1,900.000000000000000,100.000000000000000
ahu_b,L1,2025-08-31 15:45:00,20250831,154500,2025-08-31 16:45:00,16,2025-08-31,0.193019330555556,0.772077322222223,0.772077322222222,15.000000000000000,900.000000000000000,100.000000000000000,1,900.000000000000000,100.000000000000000
ahu_b,L2,2025-08-31 15:45:00,20250831,154500,2025-08-31 16:45:00,16,2025-08-31,0.000000000000000,0.000000000000000,NaN,15.000000000000000,900.000000000000000,100.000000000000000,0,0.000000000000000,0.000000000000000
ahu_b,L3,2025-08-31 15:45:00,20250831,154500,2025-08-31 16:45:00,16,2025-08-31,0.167720908333333,0.670883633333333,0.670883633333334,15.000000000000000,900.000000000000000,100.000000000000000,1,900.000000000000000,100.000000000000000
ahu_b,ALL,2025-08-31 15:45:00,20250831,154500,2025-08-31 16:45:00,16,2025-08-31,0.360740238888889,1.442960955555556,0.721480477777778,15.000000000000000,900.000000000000000,100.000000000000000,1,900.000000000000000,100.000000000000000
ahu_b,L1,2025-08-31 16:00:00,20250831,160000,2025-08-31 17:00:00,17,2025-08-31,0.194651111111111,0.778604444444444,0.778604444444445,15.000000000000000,900.000000000000000,100.000000000000000,1,900.000000000000000,100.000000000000000
ahu_b,L2,2025-08-31 16:00:00,20250831,160000,2025-08-31 17:00:00,17,2025-08-31,0.000000000000000,0.000000000000000,NaN,15.000000000000000,900.000000000000000,100.000000000000000,0,0.000000000000000,0.000000000000000
ahu_b,L3,2025-08-31 16:00:00,20250831,160000,2025-08-31 17:00:00,17,2025-08-31,0.171051202777778,0.684204811111111,0.684204811111111,15.000000000000000,900.000000000000000,100.000000000000000,1,900.000000000000000,100.000000000000000
ahu_b,ALL,2025-08-31 16:00:00,20250831,160000,2025-08-31 17:00:00,17,2025-08-31,0.365702313888889,1.462809255555555,0.731404627777778,15.000000000000000,900.000000000000000,100.000000000000000,1,900.000000000000000,100.000000000000000
ahu_b,L1,2025-08-31 16:15:00,20250831,161500,2025-08-31 17:15:00,17,2025-08-31,0.194500916666667,0.778003666666667,0.778003666666667,15.000000000000000,900.000000000000000,100.000000000000000,1,900.000000000000000,100.000000000000000
ahu_b,L2,2025-08-31 16:15:00,20250831,161500,2025-08-31 17:15:00,17,2025-08-31,0.000000000000000,0.000000000000000,NaN,15.000000000000000,900.000000000000000,100.000000000000000,0,0.000000000000000,0.000000000000000
ahu_b,L3,2025-08-31 16:15:00,20250831,161500,2025-08-31 17:15:00,17,2025-08-31,0.170005113888889,0.680020455555556,0.680020455555556,15.000000000000000,900.000000000000000,100.000000000000000,1,900.000000000000000,100.000000000000000
ahu_b,ALL,2025-08-31 16:15:00,20250831,161500,2025-08-31 17:15:00,17,2025-08-31,0.364506030555556,1.458024122222223,0.729012061111111,15.000000000000000,900.000000000000000,100.000000000000000,1,900.000000000000000,100.000000000000000
ahu_b,L1,2025-08-31 16:30:00,20250831,163000,2025-08-31 17:30:00,17,2025-08-31,0.191934183333333,0.767736733333333,0.767736733333333,15.000000000000000,900.000000000000000,100.000000000000000,1,900.000000000000000,100.000000000000000
ahu_b,L2,2025-08-31 16:30:00,20250831,163000,2025-08-31 17:30:00,17,2025-08-31,0.000000000000000,0.000000000000000,NaN,15.000000000000000,900.000000000000000,100.000000000000000,0,0.000000000000000,0.000000000000000
ahu_b,L3,2025-08-31 16:30:00,20250831,163000,2025-08-31 17:30:00,17,2025-08-31,0.167073669444444,0.668294677777778,0.668294677777778,15.000000000000000,900.000000000000000,100.000000000000000,1,900.000000000000000,100.000000000000000
ahu_b,ALL,2025-08-31 16:30:00,20250831,163000,2025-08-31 17:30:00,17,2025-08-31,0.359007852777778,1.436031411111111,0.718015705555556,15.000000000000000,900.000000000000000,100.000000000000000,1,900.000000000000000,100.000000000000000
ahu_b,L1,2025-08-31 16:45:00,20250831,164500,2025-08-31 17:45:00,17,2025-08-31,0.069317363888889,0.277269455555556,0.763126941896024,15.000000000000000,900.000000000000000,100.000000000000000,0,327.000000000000000,36.333333333333336
ahu_b,L2,2025-08-31 16:45:00,20250831,164500,2025-08-31 17:45:00,17,2025-08-31,0.000000000000000,0.000000000000000,NaN,15.000000000000000,900.000000000000000,100.000000000000000,0,0.000000000000000,0.000000000000000
ahu_b,L3,2025-08-31 16:45:00,20250831,164500,2025-08-31 17:45:00,17,2025-08-31,0.071480022222222,0.285920088888889,0.285920088888889,15.000000000000000,900.000000000000000,100.000000000000000,1,900.000000000000000,100.000000000000000
ahu_b,ALL,2025-08-31 16:45:00,20250831,164500,2025-08-31 17:45:00,17,2025-08-31,0.140797386111111,0.563189544444444,0.413097465362673,15.000000000000000,900.000000000000000,100.000000000000000,1,900.000000000000000,100.000000000000000
ahu_b,L1,2025-08-31 17:00:00,20250831,170000,2025-08-31 18:00:00,18,2025-08-31,0.000000000000000,0.000000000000000,NaN,15.000000000000000,900.000000000000000,100.000000000000000,0,0.000000000000000,0.000000000000000
ahu_b,L2,2025-08-31 17:00:00,20250831,170000,2025-08-31 18:00:00,18,2025-08-31,0.000000550000000,0.000002200000000,0.000094285714286,15.000000000000000,900.000000000000000,100.000000000000000,0,21.000000000000000,2.333333333333333
ahu_b,L3,2025-08-31 17:00:00,20250831,170000,2025-08-31 18:00:00,18,2025-08-31,0.018057450000000,0.072229800000000,0.072229800000000,15.000000000000000,900.000000000000000,100.000000000000000,1,900.000000000000000,100.000000000000000
ahu_b,ALL,2025-08-31 17:00:00,20250831,170000,2025-08-31 18:00:00,18,2025-08-31,0.018058000000000,0.072232000000000,0.070585016286645,15.000000000000000,900.000000000000000,100.000000000000000,1,900.000000000000000,100.000000000000000
ahu_b,L1,2025-08-31 17:15:00,20250831,171500,2025-08-31 18:15:00,18,2025-08-31,0.000000000000000,0.000000000000000,NaN,15.000000000000000,900.000000000000000,100.000000000000000,0,0.000000000000000,0.000000000000000
ahu_b,L2,2025-08-31 17:15:00,20250831,171500,2025-08-31 18:15:00,18,2025-08-31,0.000013891666667,0.000055566666667,0.000183186813187,15.000000000000000,900.000000000000000,100.000000000000000,0,273.000000000000000,30.333333333333336
ahu_b,L3,2025-08-31 17:15:00,20250831,171500,2025-08-31 18:15:00,18,2025-08-31,0.018211950000000,0.072847800000000,0.072847800000000,15.000000000000000,900.000000000000000,100.000000000000000,1,900.000000000000000,100.000000000000000
ahu_b,ALL,2025-08-31 17:15:00,20250831,171500,2025-08-31 18:15:00,18,2025-08-31,0.018225841666667,0.072903366666667,0.055936086956522,15.000000000000000,900.000000000000000,100.000000000000000,1,900.000000000000000,100.000000000000000
ahu_b,L1,2025-08-31 17:30:00,20250831,173000,2025-08-31 18:30:00,18,2025-08-31,0.000000000000000,0.000000000000000,NaN,15.000000000000000,900.000000000000000,100.000000000000000,0,0.000000000000000,0.000000000000000
ahu_b,L2,2025-08-31 17:30:00,20250831,173000,2025-08-31 18:30:00,18,2025-08-31,0.000000833333333,0.000003333333333,0.000055555555556,15.000000000000000,900.000000000000000,100.000000000000000,0,54.000000000000000,6.000000000000000
ahu_b,L3,2025-08-31 17:30:00,20250831,173000,2025-08-31 18:30:00,18,2025-08-31,0.018151855555556,0.072607422222222,0.072607422222222,15.000000000000000,900.000000000000000,100.000000000000000,1,900.000000000000000,100.000000000000000
ahu_b,ALL,2025-08-31 17:30:00,20250831,173000,2025-08-31 18:30:00,18,2025-08-31,0.018152688888889,0.072610755555556,0.068500712788260,15.000000000000000,900.000000000000000,100.000000000000000,1,900.000000000000000,100.000000000000000
ahu_b,L1,2025-08-31 17:45:00,20250831,174500,2025-08-31 18:45:00,18,2025-08-31,0.000000000000000,0.000000000000000,NaN,15.000000000000000,900.000000000000000,100.000000000000000,0,0.000000000000000,0.000000000000000
ahu_b,L2,2025-08-31 17:45:00,20250831,174500,2025-08-31 18:45:00,18,2025-08-31,0.000041847222222,0.000167388888889,0.000317157894737,15.000000000000000,900.000000000000000,100.000000000000000,0,475.000000000000000,52.777777777777779
ahu_b,L3,2025-08-31 17:45:00,20250831,174500,2025-08-31 18:45:00,18,2025-08-31,0.018256869444444,0.073027477777778,0.073027477777778,15.000000000000000,900.000000000000000,100.000000000000000,1,900.000000000000000,100.000000000000000
ahu_b,ALL,2025-08-31 17:45:00,20250831,174500,2025-08-31 18:45:00,18,2025-08-31,0.018298716666667,0.073194866666667,0.047909367272727,15.000000000000000,900.000000000000000,100.000000000000000,1,900.000000000000000,100.000000000000000
ahu_b,L1,2025-08-31 18:00:00,20250831,180000,2025-08-31 19:00:00,19,2025-08-31,0.000000000000000,0.000000000000000,NaN,15.000000000000000,900.000000000000000,100.000000000000000,0,0.000000000000000,0.000000000000000
ahu_b,L2,2025-08-31 18:00:00,20250831,180000,2025-08-31 19:00:00,19,2025-08-31,0.000115622222222,0.000462488888889,0.000568633879781,15.000000000000000,900.000000000000000,100.000000000000000,1,732.000000000000000,81.333333333333329
ahu_b,L3,2025-08-31 18:00:00,20250831,180000,2025-08-31 19:00:00,19,2025-08-31,0.018272652777778,0.073090611111111,0.073090611111111,15.000000000000000,900.000000000000000,100.000000000000000,1,900.000000000000000,100.000000000000000
ahu_b,ALL,2025-08-31 18:00:00,20250831,180000,2025-08-31 19:00:00,19,2025-08-31,0.018388275000000,0.073553100000000,0.040562371323529,15.000000000000000,900.000000000000000,100.000000000000000,1,900.000000000000000,100.000000000000000
ahu_b,L1,2025-08-31 18:15:00,20250831,181500,2025-08-31 19:15:00,19,2025-08-31,0.000000000000000,0.000000000000000,NaN,15.000000000000000,900.000000000000000,100.000000000000000,0,0.000000000000000,0.000000000000000
ahu_b,L2,2025-08-31 18:15:00,20250831,181500,2025-08-31 19:15:00,19,2025-08-31,0.000013363888889,0.000053455555556,0.000160366666667,15.000000000000000,900.000000000000000,100.000000000000000,0,300.000000000000000,33.333333333333329
ahu_b,L3,2025-08-31 18:15:00,20250831,181500,2025-08-31 19:15:00,19,2025-08-31,0.018222155555556,0.072888622222222,0.072888622222222,15.000000000000000,900.000000000000000,100.000000000000000,1,900.000000000000000,100.000000000000000
ahu_b,ALL,2025-08-31 18:15:00,20250831,181500,2025-08-31 19:15:00,19,2025-08-31,0.018235519444444,0.072942077777778,0.054706558333333,15.000000000000000,900.000000000000000,100.000000000000000,1,900.000000000000000,100.000000000000000
ahu_b,L1,2025-08-31 18:30:00,20250831,183000,2025-08-31 19:30:00,19,2025-08-31,0.000000000000000,0.000000000000000,NaN,15.000000000000000,900.000000000000000,100.000000000000000,0,0.000000000000000,0.000000000000000
ahu_b,L2,2025-08-31 18:30:00,20250831,183000,2025-08-31 19:30:00,19,2025-08-31,0.000000000000000,0.000000000000000,0.000000000000000,15.000000000000000,900.000000000000000,100.000000000000000,0,6.000000000000000,0.666666666666667
ahu_b,L3,2025-08-31 18:30:00,20250831,183000,2025-08-31 19:30:00,19,2025-08-31,0.018160861111111,0.072643444444444,0.072643444444444,15.000000000000000,900.000000000000000,100.000000000000000,1,900.000000000000000,100.000000000000000
ahu_b,ALL,2025-08-31 18:30:00,20250831,183000,2025-08-31 19:30:00,19,2025-08-31,0.018160861111111,0.072643444444444,0.072162362030905,15.000000000000000,900.000000000000000,100.000000000000000,1,900.000000000000000,100.000000000000000
ahu_b,L1,2025-08-31 18:45:00,20250831,184500,2025-08-31 19:45:00,19,2025-08-31,0.000000000000000,0.000000000000000,NaN,15.000000000000000,900.000000000000000,100.000000000000000,0,0.000000000000000,0.000000000000000
ahu_b,L2,2025-08-31 18:45:00,20250831,184500,2025-08-31 19:45:00,19,2025-08-31,0.000134880555556,0.000539522222222,0.000673467406380,15.000000000000000,900.000000000000000,100.000000000000000,1,721.000000000000000,80.111111111111114
ahu_b,L3,2025-08-31 18:45:00,20250831,184500,2025-08-31 19:45:00,19,2025-08-31,0.018472544444444,0.073890177777778,0.073890177777778,15.000000000000000,900.000000000000000,100.000000000000000,1,900.000000000000000,100.000000000000000
ahu_b,ALL,2025-08-31 18:45:00,20250831,184500,2025-08-31 19:45:00,19,2025-08-31,0.018607425000000,0.074429700000000,0.041324324491055,15.000000000000000,900.000000000000000,100.000000000000000,1,900.000000000000000,100.000000000000000
ahu_b,L1,2025-08-31 19:00:00,20250831,190000,2025-08-31 20:00:00,20,2025-08-31,0.000000000000000,0.000000000000000,NaN,15.000000000000000,900.000000000000000,100.000000000000000,0,0.000000000000000,0.000000000000000
ahu_b,L2,2025-08-31 19:00:00,20250831,190000,2025-08-31 20:00:00,20,2025-08-31,0.000057833333333,0.000231333333333,0.000377858439201,15.000000000000000,900.000000000000000,100.000000000000000,0,551.000000000000000,61.222222222222221
ahu_b,L3,2025-08-31 19:00:00,20250831,190000,2025-08-31 20:00:00,20,2025-08-31,0.018318258333333,0.073273033333333,0.073273033333333,15.000000000000000,900.000000000000000,100.000000000000000,1,900.000000000000000,100.000000000000000
ahu_b,ALL,2025-08-31 19:00:00,20250831,190000,2025-08-31 20:00:00,20,2025-08-31,0.018376091666667,0.073504366666667,0.045591957270848,15.000000000000000,900.000000000000000,100.000000000000000,1,900.000000000000000,100.000000000000000
ahu_b,L1,2025-08-31 19:15:00,20250831,191500,2025-08-31 20:15:00,20,2025-08-31,0.000000000000000,0.000000000000000,NaN,15.000000000000000,900.000000000000000,100.000000000000000,0,0.000000000000000,0.000000000000000
ahu_b,L2,2025-08-31 19:15:00,20250831,191500,2025-08-31 20:15:00,20,2025-08-31,0.000096658333333,0.000386633333333,0.000489409282700,15.000000000000000,900.000000000000000,100.000000000000000,0,711.000000000000000,79.000000000000000
ahu_b,L3,2025-08-31 19:15:00,20250831,191500,2025-08-31 20:15:00,20,2025-08-31,0.018392169444444,0.073568677777778,0.073568677777778,15.000000000000000,900.000000000000000,100.000000000000000,1,900.000000000000000,100.000000000000000
ahu_b,ALL,2025-08-31 19:15:00,20250831,191500,2025-08-31 20:15:00,20,2025-08-31,0.018488827777778,0.073955311111111,0.041315816263191,15.000000000000000,900.000000000000000,100.000000000000000,1,900.000000000000000,100.000000000000000
ahu_b,L1,2025-08-31 19:30:00,20250831,193000,2025-08-31 20:30:00,20,2025-08-31,0.000000000000000,0.000000000000000,NaN,15.000000000000000,900.000000000000000,100.000000000000000,0,0.000000000000000,0.000000000000000
ahu_b,L2,2025-08-31 19:30:00,20250831,193000,2025-08-31 20:30:00,20,2025-08-31,0.000069416666667,0.000277666666667,0.000490000000000,15.000000000000000,900.000000000000000,100.000000000000000,0,510.000000000000000,56.666666666666664
ahu_b,L3,2025-08-31 19:30:00,20250831,193000,2025-08-31 20:30:00,20,2025-08-31,0.018388930555556,0.073555722222222,0.073555722222222,15.000000000000000,900.000000000000000,100.000000000000000,1,900.000000000000000,100.000000000000000
ahu_b,ALL,2025-08-31 19:30:00,20250831,193000,2025-08-31 20:30:00,20,2025-08-31,0.018458347222222,0.073833388888889,0.047127695035461,15.000000000000000,900.000000000000000,100.000000000000000,1,900.000000000000000,100.000000000000000
ahu_b,L1,2025-08-31 19:45:00,20250831,194500,2025-08-31 20:45:00,20,2025-08-31,0.000000000000000,0.000000000000000,NaN,15.000000000000000,900.000000000000000,100.000000000000000,0,0.000000000000000,0.000000000000000
ahu_b,L2,2025-08-31 19:45:00,20250831,194500,2025-08-31 20:45:00,20,2025-08-31,0.000018338888889,0.000073355555556,0.000272809917355,15.000000000000000,900.000000000000000,100.000000000000000,0,242.000000000000000,26.888888888888889
ahu_b,L3,2025-08-31 19:45:00,20250831,194500,2025-08-31 20:45:00,20,2025-08-31,0.018331344444444,0.073325377777778,0.073325377777778,15.000000000000000,900.000000000000000,100.000000000000000,1,900.000000000000000,100.000000000000000
ahu_b,ALL,2025-08-31 19:45:00,20250831,194500,2025-08-31 20:45:00,20,2025-08-31,0.018349683333333,0.073398733333333,0.057844886164623,15.000000000000000,900.000000000000000,100.000000000000000,1,900.000000000000000,100.000000000000000
ahu_b,L1,2025-08-31 20:00:00,20250831,200000,2025-08-31 21:00:00,21,2025-08-31,0.000000000000000,0.000000000000000,NaN,15.000000000000000,900.000000000000000,100.000000000000000,0,0.000000000000000,0.000000000000000
ahu_b,L2,2025-08-31 20:00:00,20250831,200000,2025-08-31 21:00:00,21,2025-08-31,0.000000000000000,0.000000000000000,NaN,15.000000000000000,900.000000000000000,100.000000000000000,0,0.000000000000000,0.000000000000000
ahu_b,L3,2025-08-31 20:00:00,20250831,200000,2025-08-31 21:00:00,21,2025-08-31,0.018335397222222,0.073341588888889,0.073341588888889,15.000000000000000,900.000000000000000,100.000000000000000,1,900.000000000000000,100.000000000000000
ahu_b,ALL,2025-08-31 20:00:00,20250831,200000,2025-08-31 21:00:00,21,2025-08-31,0.018335397222222,0.073341588888889,0.073341588888889,15.000000000000000,900.000000000000000,100.000000000000000,1,900.000000000000000,100.000000000000000
ahu_b,L1,2025-08-31 20:15:00,20250831,201500,2025-08-31 21:15:00,21,2025-08-31,0.000000000000000,0.000000000000000,NaN,15.000000000000000,900.000000000000000,100.000000000000000,0,0.000000000000000,0.000000000000000
ahu_b,L2,2025-08-31 20:15:00,20250831,201500,2025-08-31 21:15:00,21,2025-08-31,0.000010611111111,0.000042444444444,0.000261643835616,15.000000000000000,900.000000000000000,100.000000000000000,0,146.000000000000000,16.222222222222221
ahu_b,L3,2025-08-31 20:15:00,20250831,201500,2025-08-31 21:15:00,21,2025-08-31,0.018414433333333,0.073657733333333,0.073657733333333,15.000000000000000,900.000000000000000,100.000000000000000,1,900.000000000000000,100.000000000000000
ahu_b,ALL,2025-08-31 20:15:00,20250831,201500,2025-08-31 21:15:00,21,2025-08-31,0.018425044444444,0.073700177777778,0.063413154875717,15.000000000000000,900.000000000000000,100.000000000000000,1,900.000000000000000,100.000000000000000
ahu_b,L1,2025-08-31 20:30:00,20250831,203000,2025-08-31 21:30:00,21,2025-08-31,0.000000000000000,0.000000000000000,NaN,15.000000000000000,900.000000000000000,100.000000000000000,0,0.000000000000000,0.000000000000000
ahu_b,L2,2025-08-31 20:30:00,20250831,203000,2025-08-31 21:30:00,21,2025-08-31,0.000004941666667,0.000019766666667,0.000261617647059,15.000000000000000,900.000000000000000,100.000000000000000,0,68.000000000000000,7.555555555555555
ahu_b,L3,2025-08-31 20:30:00,20250831,203000,2025-08-31 21:30:00,21,2025-08-31,0.018501613888889,0.074006455555556,0.074006455555556,15.000000000000000,900.000000000000000,100.000000000000000,1,900.000000000000000,100.000000000000000
ahu_b,ALL,2025-08-31 20:30:00,20250831,203000,2025-08-31 21:30:00,21,2025-08-31,0.018506555555556,0.074026222222222,0.068826033057851,15.000000000000000,900.000000000000000,100.000000000000000,1,900.000000000000000,100.000000000000000
ahu_b,L1,2025-08-31 20:45:00,20250831,204500,2025-08-31 21:45:00,21,2025-08-31,0.000000000000000,0.000000000000000,NaN,15.000000000000000,900.000000000000000,100.000000000000000,0,0.000000000000000,0.000000000000000
ahu_b,L2,2025-08-31 20:45:00,20250831,204500,2025-08-31 21:45:00,21,2025-08-31,0.000000000000000,0.000000000000000,NaN,15.000000000000000,900.000000000000000,100.000000000000000,0,0.000000000000000,0.000000000000000
ahu_b,L3,2025-08-31 20:45:00,20250831,204500,2025-08-31 21:45:00,21,2025-08-31,0.018437850000000,0.073751400000000,0.073751400000000,15.000000000000000,900.000000000000000,100.000000000000000,1,900.000000000000000,100.000000000000000
ahu_b,ALL,2025-08-31 20:45:00,20250831,204500,2025-08-31 21:45:00,21,2025-08-31,0.018437850000000,0.073751400000000,0.073751400000000,15.000000000000000,900.000000000000000,100.000000000000000,1,900.000000000000000,100.000000000000000
ahu_b,L1,2025-08-31 21:00:00,20250831,210000,2025-08-31 22:00:00,22,2025-08-31,0.000000000000000,0.000000000000000,NaN,15.000000000000000,900.000000000000000,100.000000000000000,0,0.000000000000000,0.000000000000000
ahu_b,L2,2025-08-31 21:00:00,20250831,210000,2025-08-31 22:00:00,22,2025-08-31,0.000000833333333,0.000003333333333,0.000050847457627,15.000000000000000,900.000000000000000,100.000000000000000,0,59.000000000000000,6.555555555555556
ahu_b,L3,2025-08-31 21:00:00,20250831,210000,2025-08-31 22:00:00,22,2025-08-31,0.018546530555556,0.074186122222222,0.074186122222222,15.000000000000000,900.000000000000000,100.000000000000000,1,900.000000000000000,100.000000000000000
ahu_b,ALL,2025-08-31 21:00:00,20250831,210000,2025-08-31 22:00:00,22,2025-08-31,0.018547363888889,0.074189455555556,0.069625140771637,15.000000000000000,900.000000000000000,100.000000000000000,1,900.000000000000000,100.000000000000000
ahu_b,L1,2025-08-31 21:15:00,20250831,211500,2025-08-31 22:15:00,22,2025-08-31,0.000000000000000,0.000000000000000,NaN,15.000000000000000,900.000000000000000,100.000000000000000,0,0.000000000000000,0.000000000000000
ahu_b,L2,2025-08-31 21:15:00,20250831,211500,2025-08-31 22:15:00,22,2025-08-31,0.000017311111111,0.000069244444444,0.000230814814815,15.000000000000000,900.000000000000000,100.000000000000000,0,270.000000000000000,30.000000000000000
ahu_b,L3,2025-08-31 21:15:00,20250831,211500,2025-08-31 22:15:00,22,2025-08-31,0.018645550000000,0.074582200000000,0.074582200000000,15.000000000000000,900.000000000000000,100.000000000000000,1,900.000000000000000,100.000000000000000
ahu_b,ALL,2025-08-31 21:15:00,20250831,211500,2025-08-31 22:15:00,22,2025-08-31,0.018662861111111,0.074651444444444,0.057424188034188,15.000000000000000,900.000000000000000,100.000000000000000,1,900.000000000000000,100.000000000000000
ahu_b,L1,2025-08-31 21:30:00,20250831,213000,2025-08-31 22:30:00,22,2025-08-31,0.000000000000000,0.000000000000000,NaN,15.000000000000000,900.000000000000000,100.000000000000000,0,0.000000000000000,0.000000000000000
ahu_b,L2,2025-08-31 21:30:00,20250831,213000,2025-08-31 22:30:00,22,2025-08-31,0.000003891666667,0.000015566666667,0.000145937500000,15.000000000000000,900.000000000000000,100.000000000000000,0,96.000000000000000,10.666666666666666
ahu_b,L3,2025-08-31 21:30:00,20250831,213000,2025-08-31 22:30:00,22,2025-08-31,0.018622613888889,0.074490455555556,0.074490455555556,15.000000000000000,900.000000000000000,100.000000000000000,1,900.000000000000000,100.000000000000000
ahu_b,ALL,2025-08-31 21:30:00,20250831,213000,2025-08-31 22:30:00,22,2025-08-31,0.018626505555556,0.074506022222222,0.067324718875502,15.000000000000000,900.000000000000000,100.000000000000000,1,900.000000000000000,100.000000000000000
ahu_b,L1,2025-08-31 21:45:00,20250831,214500,2025-08-31 22:45:00,22,2025-08-31,0.000000000000000,0.000000000000000,NaN,15.000000000000000,900.000000000000000,100.000000000000000,0,0.000000000000000,0.000000000000000
ahu_b,L2,2025-08-31 21:45:00,20250831,214500,2025-08-31 22:45:00,22,2025-08-31,0.000000000000000,0.000000000000000,NaN,15.000000000000000,900.000000000000000,100.000000000000000,0,0.000000000000000,0.000000000000000
ahu_b,L3,2025-08-31 21:45:00,20250831,214500,2025-08-31 22:45:00,22,2025-08-31,0.018685933333333,0.074743733333333,0.074743733333333,15.000000000000000,900.000000000000000,100.000000000000000,1,900.000000000000000,100.000000000000000
ahu_b,ALL,2025-08-31 21:45:00,20250831,214500,2025-08-31 22:45:00,22,2025-08-31,0.018685933333333,0.074743733333333,0.074743733333333,15.000000000000000,900.000000000000000,100.000000000000000,1,900.000000000000000,100.000000000000000
ahu_b,L1,2025-08-31 22:00:00,20250831,220000,2025-08-31 23:00:00,23,2025-08-31,0.000000000000000,0.000000000000000,NaN,15.000000000000000,900.000000000000000,100.000000000000000,0,0.000000000000000,0.000000000000000
ahu_b,L2,2025-08-31 22:00:00,20250831,220000,2025-08-31 23:00:00,23,2025-08-31,0.000001216666667,0.000004866666667,0.000069523809524,15.000000000000000,900.000000000000000,100.000000000000000,0,63.000000000000000,7.000000000000001
ahu_b,L3,2025-08-31 22:00:00,20250831,220000,2025-08-31 23:00:00,23,2025-08-31,0.018584913888889,0.074339655555556,0.074339655555556,15.000000000000000,900.000000000000000,100.000000000000000,1,900.000000000000000,100.000000000000000
ahu_b,ALL,2025-08-31 22:00:00,20250831,220000,2025-08-31 23:00:00,23,2025-08-31,0.018586130555556,0.074344522222222,0.069480861889927,15.000000000000000,900.000000000000000,100.000000000000000,1,900.000000000000000,100.000000000000000
ahu_b,L1,2025-08-31 22:15:00,20250831,221500,2025-08-31 23:15:00,23,2025-08-31,0.000000000000000,0.000000000000000,NaN,15.000000000000000,900.000000000000000,100.000000000000000,0,0.000000000000000,0.000000000000000
ahu_b,L2,2025-08-31 22:15:00,20250831,221500,2025-08-31 23:15:00,23,2025-08-31,0.000005000000000,0.000020000000000,0.000163636363636,15.000000000000000,900.000000000000000,100.000000000000000,0,110.000000000000000,12.222222222222221
ahu_b,L3,2025-08-31 22:15:00,20250831,221500,2025-08-31 23:15:00,23,2025-08-31,0.018701411111111,0.074805644444444,0.074805644444444,15.000000000000000,900.000000000000000,100.000000000000000,1,900.000000000000000,100.000000000000000
ahu_b,ALL,2025-08-31 22:15:00,20250831,221500,2025-08-31 23:15:00,23,2025-08-31,0.018706411111111,0.074825644444444,0.066676316831683,15.000000000000000,900.000000000000000,100.000000000000000,1,900.000000000000000,100.000000000000000
ahu_b,L1,2025-08-31 22:30:00,20250831,223000,2025-08-31 23:30:00,23,2025-08-31,0.000000000000000,0.000000000000000,NaN,15.000000000000000,900.000000000000000,100.000000000000000,0,0.000000000000000,0.000000000000000
ahu_b,L2,2025-08-31 22:30:00,20250831,223000,2025-08-31 23:30:00,23,2025-08-31,0.000009025000000,0.000036100000000,0.000257857142857,15.000000000000000,900.000000000000000,100.000000000000000,0,126.000000000000000,14.000000000000002
ahu_b,L3,2025-08-31 22:30:00,20250831,223000,2025-08-31 23:30:00,23,2025-08-31,0.018710308333333,0.074841233333333,0.074841233333333,15.000000000000000,900.000000000000000,100.000000000000000,1,900.000000000000000,100.000000000000000
ahu_b,ALL,2025-08-31 22:30:00,20250831,223000,2025-08-31 23:30:00,23,2025-08-31,0.018719333333333,0.074877333333333,0.065681871345029,15.000000000000000,900.000000000000000,100.000000000000000,1,900.000000000000000,100.000000000000000
ahu_b,L1,2025-08-31 22:45:00,20250831,224500,2025-08-31 23:45:00,23,2025-08-31,0.000000000000000,0.000000000000000,NaN,15.000000000000000,900.000000000000000,100.000000000000000,0,0.000000000000000,0.000000000000000
ahu_b,L2,2025-08-31 22:45:00,20250831,224500,2025-08-31 23:45:00,23,2025-08-31,0.000011875000000,0.000047500000000,0.000162547528517,15.000000000000000,900.000000000000000,100.000000000000000,0,263.000000000000000,29.222222222222221
ahu_b,L3,2025-08-31 22:45:00,20250831,224500,2025-08-31 23:45:00,23,2025-08-31,0.018717888888889,0.074871555555556,0.074871555555556,15.000000000000000,900.000000000000000,100.000000000000000,1,900.000000000000000,100.000000000000000
ahu_b,ALL,2025-08-31 22:45:00,20250831,224500,2025-08-31 23:45:00,23,2025-08-31,0.018729763888889,0.074919055555556,0.057976913155632,15.000000000000000,900.000000000000000,100.000000000000000,1,900.000000000000000,100.000000000000000
ahu_b,L1,2025-08-31 23:00:00,20250831,230000,2025-09-01 00:00:00,0,2025-09-01,0.000000000000000,0.000000000000000,NaN,15.000000000000000,900.000000000000000,100.000000000000000,0,0.000000000000000,0.000000000000000
ahu_b,L2,2025-08-31 23:00:00,20250831,230000,2025-09-01 00:00:00,0,2025-09-01,0.000015130555556,0.000060522222222,0.000215296442688,15.000000000000000,900.000000000000000,100.000000000000000,0,253.000000000000000,28.111111111111107
ahu_b,L3,2025-08-31 23:00:00,20250831,230000,2025-09-01 00:00:00,0,2025-09-01,0.018705630555556,0.074822522222222,0.074822522222222,15.000000000000000,900.000000000000000,100.000000000000000,1,900.000000000000000,100.000000000000000
ahu_b,ALL,2025-08-31 23:00:00,20250831,230000,2025-09-01 00:00:00,0,2025-09-01,0.018720761111111,0.074883044444444,0.058451639202082,15.000000000000000,900.000000000000000,100.000000000000000,1,900.000000000000000,100.000000000000000
ahu_b,L1,2025-08-31 23:15:00,20250831,231500,2025-09-01 00:15:00,0,2025-09-01,0.000000000000000,0.000000000000000,NaN,15.000000000000000,900.000000000000000,100.000000000000000,0,0.000000000000000,0.000000000000000
ahu_b,L2,2025-08-31 23:15:00,20250831,231500,2025-09-01 00:15:00,0,2025-09-01,0.000009358333333,0.000037433333333,0.000166782178218,15.000000000000000,900.000000000000000,100.000000000000000,0,202.000000000000000,22.444444444444443
ahu_b,L3,2025-08-31 23:15:00,20250831,231500,2025-09-01 00:15:00,0,2025-09-01,0.018655119444444,0.074620477777778,0.074620477777778,15.000000000000000,900.000000000000000,100.000000000000000,1,900.000000000000000,100.000000000000000
ahu_b,ALL,2025-08-31 23:15:00,20250831,231500,2025-09-01 00:15:00,0,2025-09-01,0.018664477777778,0.074657911111111,0.060972885662432,15.000000000000000,900.000000000000000,100.000000000000000,1,900.000000000000000,100.000000000000000
ahu_b,L1,2025-08-31 23:30:00,20250831,233000,2025-09-01 00:30:00,0,2025-09-01,0.000000000000000,0.000000000000000,NaN,15.000000000000000,900.000000000000000,100.000000000000000,0,0.000000000000000,0.000000000000000
ahu_b,L2,2025-08-31 23:30:00,20250831,233000,2025-09-01 00:30:00,0,2025-09-01,0.000023547222222,0.000094188888889,0.000319886792453,15.000000000000000,900.000000000000000,100.000000000000000,0,265.000000000000000,29.444444444444446
ahu_b,L3,2025-08-31 23:30:00,20250831,233000,2025-09-01 00:30:00,0,2025-09-01,0.018654016666667,0.074616066666667,0.074616066666667,15.000000000000000,900.000000000000000,100.000000000000000,1,900.000000000000000,100.000000000000000
ahu_b,ALL,2025-08-31 23:30:00,20250831,233000,2025-09-01 00:30:00,0,2025-09-01,0.018677563888889,0.074710255555556,0.057716077253219,15.000000000000000,900.000000000000000,100.000000000000000,1,900.000000000000000,100.000000000000000
ahu_b,L1,2025-08-31 23:45:00,20250831,234500,2025-09-01 00:45:00,0,2025-09-01,0.000000000000000,0.000000000000000,NaN,15.000000000000000,900.000000000000000,100.000000000000000,0,0.000000000000000,0.000000000000000
ahu_b,L2,2025-08-31 23:45:00,20250831,234500,2025-09-01 00:45:00,0,2025-09-01,0.000001883333333,0.000007533333333,0.000130384615385,15.000000000000000,900.000000000000000,100.000000000000000,0,52.000000000000000,5.777777777777778
ahu_b,L3,2025-08-31 23:45:00,20250831,234500,2025-09-01 00:45:00,0,2025-09-01,0.018594733333333,0.074378933333333,0.074378933333333,15.000000000000000,900.000000000000000,100.000000000000000,1,900.000000000000000,100.000000000000000
ahu_b,ALL,2025-08-31 23:45:00,20250831,234500,2025-09-01 00:45:00,0,2025-09-01,0.018596616666667,0.074386466666667,0.070323340336134,15.000000000000000,900.000000000000000,100.000000000000000,1,900.000000000000000,100.000000000000000
